3 3 0 2 2 7 5
6 6 6 6 6 0 8 9 6
2 3 4 0 4 4 9 9 4 11 4 4 12 4 4 19 19 19 15
3 1 0 3 3 5 5 7 14 14 14 14 14 3
2 8 8 8 6 8 8 9 0 11 9 9 15 15 9
4 4 4 0 6 2 6 6 12 12 12 6 12 16 16 12
2 0 4 6 6 8 8 2 10 8 10 15 12 12 10 15
3 3 0 5 6 3 8 11 8 8 6
2 4 4 0 6 7 8 9 4 4 12 4 12 4 16 4 4 4
0 1 2
5 1 5 5 6 0 8 6 10 6
3 3 0 3 3 7 5
2 0 2
2 0 2
0 4 4 1 6 1 6 6
2 3 0 5 3 3 3 10 10 7
2 3 0 5 3 3 6 6 3 12 12 20 12 16 16 12 20 20 20 3 20 20 24 18 24 30 30 30 30 25
2 0 2 5 7 7 2
2 3 0 3 4 3
4 1 1 0 6 4 9 9 4
2 0 2
3 3 0 3 3
2 0 2
2 0 2 5 2 2
2 0 4 2 6 8 6 10 10 2 10 2 2
5 5 2 2 0 5 5
2 0 2 2 2 2
7 3 1 3 6 3 0 7 7
2 3 0 3 3 3
2 0 2 5 2 7 2 2 10 2
2 0 2 5 2 7 5 7 7
4 4 2 0 7 7 4
2 0 2 2 4 7 2
0 1 4 1
0 1 2 2
2 0 2 2
5 5 5 5 0
2 0 2 2 2
2 0 2 2
2 0 4 2 2
2 0 4 2 4
2 3 0 3 6 3 3
2 0 4 2 2
2 0 4 2 6 2
2 0 2 2 2
2 0 2 5 2
2 3 4 0 4 4 6
2 0 2 3
2 0 2
3 3 4 0 4 7 4 7 4 11 9
2 0 4 2 2 5
2 0 4 2 6 2
0 1 2
0 1 2 1
2 3 0 5 3 7 3 9 3 9
0 1 1
3 3 4 0 4 7 8 9 4
2 0 4 2 4 2
2 0 2 5 2 2 8 2
0 1 1
0 1 1 3
2 0 2 2 4
5 1 1 2 7 7 8 0 10 8
0 1 4 1
2 0 2
2 0 2 5 2
3 3 0 3 3 5
2 0 2 2 2 5
2 0 2 3 2
0 3 1 1 1
2 0 2 2 2
2 0 2 3 7 7 2
3 1 0 5 7 7 3
2 3 0 3 4 3
2 0 2 2 4 7 2
0 1 1
2 3 6 5 3 0 6 6 6 11 6 6
0 1 1 1 1
0 1 4 1
2 0 2 2 2
2 0 2
0 1 2
2 0 2
0 1 1 1
2 3 0 9 7 7 8 9 3
2 0 2
4 4 4 0 4 2
2 0 2 2
0 1 1
0 3 1
2 0 2 2 2 2
2 0 2 3 2
2 0 2 5 2 2 2 7
2 0 2 3 2 5 5 6
2 0 2 5 2 2 8 2
2 3 0 3
2 0 2 3
2 0 2 2
2 0 2 2 4
2 0 2
2 0 2 2 2
2 0 2
2 0 2 2 2
2 0 2 3 6 2 2 7
2 0 4 2 4
2 0 2 2
2 0 4 2
2 0 2 5 2
2 0 2 2
2 0 2 2
2 0 4 2 2 2 2
2 0 2 2
2 0 2 2 4 2
2 0 2
2 0 2 3
2 0 2 3 6 2 6
2 0 2 2 4
2 0 2
2 0 2 2
2 0 2
2 0 2 2 6 2 2 2
2 0 2
2 0 2 2 2
2 0 2 3
2 0 2 2 2 2
2 0 2 2 2 2 2
2 0 2 2 2 2
2 0 2 2
2 3 0
7 7 5 5 7 7 0 7
2 0 2 2
2 3 0 5 6 3 8 3 8 11 8
3 3 10 3 3 7 3 3 10 0 10 10 10 10
2 0 2 3 6 2
2 3 0 5 3 8 6 9 3 3 12 3 12 15 12
5 1 1 5 0 8 6 5 10 8
2 3 4 0 6 4 8 6 12 9 12 8 16 13 13 12
2 4 4 0 7 7 9 9 3 9 10 13 9
5 1 5 5 0 7 5 9 5 11 9 11 14 11 16 9 16 16 18
2 3 8 3 8 8 8 0 8 9 9
2 0 2 5 2 7 5 7
2 3 0 3 3 3 8 3 8 9 12 8
2 8 2 8 6 8 8 0
15 7 7 5 7 7 1 7 7 11 14 14 14 7 0 15 18 15 20 21 15 15
8 3 8 5 6 3 8 0 10 8
5 5 4 5 13 5 8 6 11 11 12 8 0 13 16 13 13 21 18 18 17
4 4 4 0 4 7 4 10 10 7 10 11 10 7 14
5 4 4 1 0 7 5
2 0 2 2 7 7 4
2 0 2 5 2 7 2 9 7 7 10 11
3 3 6 6 6 0 8 11 10 11 6
3 3 4 0 6 4 6 4 8
5 5 2 2 0 5 8 10 8 11 5
8 7 4 7 6 7 1 0 8 11 12 8
2 0 2 5 6 2 9 9 6 9 10 9 12 16 16 2 16 19 16
10 10 7 3 6 3 10 10 10 0
5 5 5 5 0 8 8 10 10 5 5 13 11 15 13
0 1 1 3
2 0 2 2 4 4 8 2 10 8 8
3 3 0 6 6 3 6 7
0 5 5 5 1
0 3 4 1 9 8 8 9 4 9 15 13 15 13 10 15 18 16
2 0 2 6 6 2 6 6 10 8 13 13 10
6 1 6 5 6 0 8 10 10 6 10
5 1 1 2 0 7 5 9 7 9 10 10
9 1 1 8 8 8 8 1 0 9 12 13 9 16 16 13
10 4 2 10 6 8 6 9 10 0 10 10 10 10 20 17 18 20 20 14 22 20 25 25 22 25 25 29 27
2 0 2 5 6 2 2 7 10 11 2
8 8 4 5 8 8 6 10 10 0 12 10 15 15 10 10 10 17 20 17 20 17 26 25 26 22
5 5 5 5 16 5 5 5 8 11 8 5 12 13 13 0 16 16
2 0 4 2 6 2 6 10 10 2 12 13 10
0 7 7 7 7 7 1 7 1 11 12 14 14 1 21 21 18 21 21 21 14
6 6 6 6 6 0
5 5 4 5 11 7 5 11 11 11 0 13 11 11
3 3 0 5 3 9 9 9 5
2 0 2 2 6 2 6 6 7
2 4 2 9 4 8 8 4 0 9 9 11 11
3 3 0
2 3 0 3 3
4 4 4 5 0 5 8 5 5 5
3 3 0 5 7 7 3 9 7 13 10 13 9 13 18 18 18 13
2 0 2 5 2
2 3 8 8 6 8 8 0 8 12 12 13 8
2 3 0 3 3 3 3 14 10 14 12 13 10 3 14 17 14
2 0 2 2 2 7 5 9 7 12 12 7 14 12
2 3 4 5 6 0 8 6 11 11 6 15 15 15 11 17 15
2 3 4 0 4 4 8 4
2 3 0 3 8 7 8 3
3 3 0 7 6 7 3
3 3 4 0 4 7 5 7 7 7 12 14 14 21 14 17 14 15 20 21 22 10
2 6 2 5 2 0 6 9 6 6 12 13 6 13 13 13
5 1 5 5 0 5 8 11 8 9 5 11 14 11
7 3 1 3 3 7 0 7 7 11 7
5 5 4 5 0 8 8 5 15 15 15 15 15 15 7
2 0 2 8 8 8 8 2 10 8 8 8 12 12
2 4 4 5 6 0 6 9 6 11 6 6 14 15 17 17 6
2 0 4 2
2 5 5 5 6 0 6 10 10 11 6
3 1 0 3 6 3 9 9 6 11 3 3
2 3 0 6 6 3 3 7 3 12 12 3
5 5 5 5 0 5 6 5
2 3 0 8 8 7 8 3
4 1 1 5 6 0 6 6 6 11 9 15 15 15 11 15 18 20 20 15
2 0 6 6 6 2 6 6 8 6
2 6 2 2 4 0 6 6 6
2 4 4 0 4 7 9 10 10 5
2 4 4 0 4 7 5 7 10 8
3 3 16 9 7 7 8 9 3 11 9 11 11 11 11 0 16 16
3 3 0 3 7 5 3 9 10 11 7 7
2 0 4 2
6 6 4 6 6 0
2 4 4 0 10 10 10 10 10 4
8 4 4 1 4 4 4 19 8 8 10 13 14 11 16 14 18 16 0 19 22 19 28 28 26 28 28 19
2 3 0 5 3 7 8 3 3 15 15 15 15 15 3 17 15
0 1 1 5 1 7 5
2 3 0 3 4 7 4 9 7 9
2 0 2 2 7 7 4 9 7 11 9 2 2 19 16 19 16 19 13
2 3 4 0 4 4 9 9 4 9 12 13 9
6 1 6 6 6 0
2 0 2 3 6 7 8 10 8 11 2
2 0 4 2 2 2 8 6 8 9 9 13 14 16 16 8 16
0 1 2 2 4 2 8 6
2 0 2 2 2 7 2 9 7 11 9 15 14 12 11 11 11 17 17 17 20 21 22 21
2 3 0 3 4 4 4
2 11 11 5 11 11 11 11 10 11 0
8 4 4 1 4 7 4 0 8 8 12 8
3 3 5 3 0 7 8 5 5 5 12 5 14 12 14
2 11 2 2 6 2 8 10 10 6 0 11 11 11 14 24 24 24 24 24 22 24 24 14 24 24 28 24
5 5 4 5 0
2 3 0 3 3 5 8 5
2 0 2 12 6 12 12 12 12 9 12 2
2 3 5 3 0 5 9 9 6 12 12 9
6 6 6 5 6 12 12 12 12 12 12 13 0 13 13 15 18 16
4 1 2 0 6 7 4
3 1 0 5 6 3 8 9 10 15 12 13 15 15 3
2 9 2 2 2 8 8 2 0 9 9
4 4 4 9 8 8 8 4 0 9
2 0 2 2
2 0 2 5 6 2 9 9 2
2 0 4 2 10 7 10 10 10 2 10
5 5 4 5 0
2 3 0 5 6 3
2 7 2 5 2 2 0 9 7 7
2 0 2 7 7 7 3 7 8
2 4 2 0 4 8 8 4 8 11 14 11 11 9
2 3 0 3 6 3
2 4 4 5 0 5
9 1 5 5 1 7 8 1 0 9 12 9
2 0 4 5 2 8 8 5 11 11 5 15 15 15 5 2 2 17 17
2 3 0 5 3 3
3 3 0 3 7 7 3 9 7 11 15 11 14 11 7
2 3 7 3 3 3 0 7
2 0 2 3 6 4 8 6 4 11 4
2 3 4 10 4 5 5 4 8 13 10 10 0 13
0 1 4 1
3 3 7 7 7 7 0 10 8 7
2 0 2 2 2
2 6 6 6 6 12 8 6 10 11 6 0 12
2 6 2 2 6 0 8 6 8 11 6 6 14 6
2 0 4 2 2 7 2 9 7 7 12 14 14 7
2 3 4 7 7 7 0 11 11 11 7
2 13 6 5 6 13 8 6 8 11 8 11 0 13 16 17 13 13 13 22 22 13 24 22 26 24 29 29 24
2 0 4 2 4 7 4 5
3 3 6 6 6 0 8 6 14 14 14 11 14 8
2 0 2 9 9 8 8 5 2 12 12 13 14 15 9 18 18 15 18 22 22 18
5 5 5 5 0
4 3 0 3
2 0 4 2 2 2 13 13 13 11 13 13 2
3 3 0 5 6 7 3
2 0 4 2 2 21 11 11 10 11 6 8 14 8 16 14 18 19 14 19 2 21 21 23 23 23
4 4 4 0 7 7 4 7 11 11 8 11 11 13
2 3 8 3 8 8 6 0
2 0 4 2 2 7 2 9 7 9 9 11
2 0 7 5 7 5 2 9 7 9 12 10
2 0 2 2 6 2 8 6 13 13 13 13 6
2 10 4 6 6 2 10 10 10 0 10 10 12 17 17 17 12
2 0 5 3 2 8 8 2 8 2 12 16 14 12 16 2 18 16
2 0 4 5 2 5 9 7 10 5 12 24 24 15 24 17 15 15 20 21 22 15 24 10
2 3 0 3 6 3 3
2 3 0 3 6 3 6 3 10 3
2 3 5 3 0 5 5 9 10 5 10 10 10
4 4 2 0 8 7 8 4 4 4 10 13 4 13 13 17 13 17
2 0 2 2 4 2 9 9 6 9 10 2 2 13 13 13
5 5 4 5 0
2 0 4 5 7 7 2 2 10 2
2 3 0 5 3 7 8 3
3 1 0 3 6 3 3 3 8
2 0 2
3 3 0 6 6 3 6
2 0 7 7 4 4 2
2 0 2 2 4
2 0 2 2 2
5 1 1 3 0 5 5
2 0 2 2
2 0 4 2 4 2
2 0 2 2
3 1 0 3 3
2 0 2 2 2
2 0 2 2
2 3 0 3
2 0 5 5 2 2 6 9 2 11 2
2 0 2 5 2
2 0 2 2
2 0 2
2 0 2 2 4
2 0 2 3 2 5
2 0 4 2 4 4
2 0 2
2 3 0 3
3 3 4 7 4 4 0 7 8 7 7
2 0 2 2
2 0 5 5 2
5 5 4 5 0 7 8 5
2 3 0 3
2 0 2 3
2 3 0 3 3
2 0 2
2 0 2 5 2
2 0 2 6 6 2
2 0 2 2 2
2 0 2 3 2
2 0 2 2
3 1 0 3
3 3 0 5 9 5 6 5 10 3
3 3 0 3 3
2 0 2 2
2 0 2
2 0 2 3
2 3 4 0 4 5
2 3 4 0 4 4
2 0 2 2
2 0 2 2 2
2 0 2 5 2
2 0 2 5 2 2 2 2
2 0 5 5 2
2 0 4 2 2 2
6 3 1 6 6 0 6
3 3 4 0 6 7 4 4 8 4 10
2 0 4 2 6 2
2 0 2 2 6 2
2 0 2 2
2 0 2
3 3 0 3
2 0 2 3 4
2 3 5 3 0 5 6 9 10 6
5 3 1 1 0 7 5 5 10 5
2 0 2 2 2
2 0 2 2
2 0 2
5 5 5 5 0
3 3 0 5 3 3
2 0 2 2 2 5
3 3 0 3 7 7 3
4 3 4 0 8 5 5 4 13 13 12 13 14 4
3 1 0 3 7 7 3
3 3 0 3 4
2 0 2
8 8 4 6 4 7 8 0
2 0 2 2 2
2 0 4 2
2 0 2 2 2
2 0 2 2
2 0 2
2 0 2 5 2
2 7 7 7 7 7 0
2 3 0 3 3 3
2 0 2
2 3 4 7 4 7 0
2 0 2
2 0 2 2
4 1 1 0 4 4 4 4
3 1 0 3
4 4 4 0
2 0 2 2
2 0 2 2
5 5 5 5 0
2 0 2
2 0 2
3 3 0 5 3
3 1 0 3 3 3 6 3
3 3 4 0 4 4
2 3 0 3 6 3 8 3 8 11 3
2 4 2 0 4 5 4
2 4 4 0 4 7 4 4
2 3 0 3 3
2 3 0 3
2 3 0 3 4 7 4 5 10 3 12 3
3 1 0 3
2 0 2 7 6 7 2
2 0 2 6 6 7 2
3 3 6 5 3 0 6 6
5 5 4 5 6 0 6 6
2 0 2 2 4 2
4 4 4 0
2 0 4 2 6 2
2 3 0 3
2 0 2
2 3 0 5 3
2 0 4 2 6 7 2
4 1 1 5 0 7 5 5 8
3 3 4 0 4
2 0 2
2 0 2 5 2 7 2 7
2 3 0 5 3 5 9 9 3
2 3 0 3
3 3 4 0 4 4 4
5 5 4 5 0 5
5 3 5 5 0
3 3 0 3 3
8 8 8 5 8 5 8 0 10 8
6 6 4 6 6 0
5 5 5 5 0
4 4 4 0 4
2 0 4 5 2
6 6 6 6 4 0
2 0 2 2
2 0 2
5 5 5 5 0
2 0 4 2 2
2 0 4 2 6 2 6 9 6
3 1 0 3 3
2 0 2 2
3 1 0 3 3
3 1 0 5 3
2 0 4 2
2 0 4 2 2 2
2 0 2 5 2
2 3 0 6 6 3
2 3 4 0 6 4 6 4
3 3 0 3 6 7 8 3 8
0 1 1
0 1 1
0 1 1 3
0 1 1 3
0 1 1 3
0 3 1 1
0 1 1
0 1 1 3
0 1 1 3
0 1 1
0 1 2 2
0 1 2 1 1
0 1 1
2 0 2 2 2
2 0 4 2
2 0 2 3
2 0 2 3 3 2
2 0 2 3
2 0 2 2 2 2
2 0 2 2
2 0 4 2 4 7 2
2 0 2 2 4
2 0 2 2
2 3 0 7 7 7 3
2 0 4 2 2
2 0 2 3 2
2 0 2
2 0 2 5 2
2 0 2 2
2 0 2 3
2 0 2
2 0 2
3 3 4 0 4 7 4
2 0 2 2
2 0 2
2 0 2 5 2 2
2 0 2 2
2 0 2 2 2
13 13 13 5 6 13 13 7 10 12 12 7 14 0 14 15 18 14
2 0 2 2
2 0 2 5 2 2
2 0 4 2 2 2
2 0 2
2 0 2
2 0 2 2
2 0 2 5 2 2 6
2 0 2 3 2 2
3 3 0 3 4
2 0 4 2 4 7 2
2 0 2 2 2
3 1 0 5 3 3
3 1 0 3 4 3
2 0 4 2 6 2
2 0 2 3
2 3 0 3 3
2 0 2 2 2
2 0 4 5 2
2 0 4 2 6 2 6
2 0 2 2 4
2 0 2
3 1 0 3 9 7 9 9 3
3 1 0 3 4
2 0 2 3
2 3 4 0 4
2 0 2 2
0 6 6 6 6 1
2 4 2 0 4 8 8 5 4
2 4 2 0 4 7 8 4 4
3 3 0 5 3 7 3 7
2 3 0 5 3 5 8 9 3 9
7 7 7 7 7 5 0 9 7
3 1 0 3 3 5 3
2 0 2 2
2 0 2 2
2 0 4 2 2
2 0 2 3
2 0 4 5 2
2 0 2 2
2 0 5 3 6 2 6
2 0 2 2
2 0 2 2 6 2 6 9 2
2 0 4 2 4 2 6 2
2 0 2
2 0 2 2 4
2 0 2 5 2 2
2 0 2
2 0 5 5 2 7 2
2 0 2 3
2 0 4 2
2 0 2 2 4
2 0 2 2
2 0 2 2
2 0 2 2
4 4 4 5 0 5 5
2 0 2 2 6 7 8 2
2 0 2 2 2
2 0 2 2
2 4 2 0 6 4 4
8 8 8 5 8 5 5 0 8
2 0 2 6 6 2 2 7
2 0 4 2
2 0 5 5 2
3 3 0 3 3 3 3 3
3 3 0 3
2 3 0 3 6 3 3
4 1 1 5 0 5 5 10 10 5
2 3 0 5 3
2 0 2 3
3 3 4 0 4
5 5 4 5 0
2 3 0 3 6 3 3
3 1 0 3 3
8 1 8 8 4 7 8 0
2 0 2
2 0 4 2
2 0 2 3 2
2 0 4 2
2 0 2 3 3 2 6
2 0 2 2
2 0 2
2 0 2
2 3 0 5 3
2 3 4 0 4
2 0 2 2
2 3 0 3
2 3 4 0 4
2 0 2
2 3 0 3 3 3
8 8 4 8 6 8 8 0
2 0 2 3 2 7 2
2 0 2
2 0 2 3 2
2 0 2 3
2 0 2 2
2 0 2
2 0 2 3
2 0 2 5 2
0 3 4 1 7 7 1
0 1 2 1
0 1 1
2 3 0 3
2 0 2 2 4
2 0 4 2
2 0 2 2
2 3 0 3 6 3 6
5 3 4 5 0 5 5 5
2 3 4 0 4 5 8 4
2 0 2 2
2 0 4 2 4
2 0 2 5 2
2 0 2 2
2 3 0 3 6 3 6 6 10 6
2 0 2 2 2
2 0 2 2
3 3 4 0
2 0 4 5 2 7 2 2
2 0 4 2 2
2 0 4 2 6 2 6
2 0 4 2
2 0 2 2
2 0 2 2
2 0 2 2
2 0 2 2
4 4 4 5 0 5 5
3 1 0 3 3 3 3
4 1 1 0 4 4 4
2 0 5 5 2 5
0 1 4 1 1 1
0 1 1 1
0 1 1
0 1 1 3 1 1
0 1 2
0 1 1
0 1 2
0 3 1
0 1 1
0 3 1 1
2 0 2 2
2 0 2 3
2 0 9 9 6 8 6 9 2 2 2 11
2 0 2
2 0 2 2
2 0 2 5 2 2
2 0 2 5 7 7 2
2 3 0 3
2 0 2 2 6 4
0 1 5 5 1
0 1 1 3
0 1 1
0 1 2 1 4
0 1 2
0 1 1
0 1 1 3
0 1 2
0 1 1
0 1 2 1
0 1 1 3
0 3 1 1 4
5 5 5 3 0 5 6 7 7 7
6 6 6 5 6 0
2 6 6 6 6 0
2 0 2 5 2 2
2 0 2 2
2 0 4 2 6 2 6
2 0 4 7 6 7 2 2
2 0 2 2
5 3 5 3 0 7 8 10 10 11 12 5 5
3 3 4 0 6 7 8 4
2 8 2 8 8 8 8 0
2 0 2 5 2
0 3 1 6 6 7 1 9 7 7
0 1 1 3
0 1 1
2 0 2 3 2
4 4 4 0 4 5
2 0 4 5 2 8 8 2 8 8 16 14 12 15 16 2
2 0 2 2
2 0 2 3 3 2 2
2 0 2 5 2
2 0 2 2 4 2
2 0 2 2 2
2 0 2 2 2
2 3 0 3 3 3
6 6 6 6 6 0
0 1 1
0 3 1 1
0 1 2 1
0 3 1 1
0 1 2 1
0 5 2 5 8 8 8 1
0 3 1 1 1
0 1 1
0 1 2
0 1 1
0 1 2 1
0 1 2
0 1 4 1
0 1 1 3
0 3 1 1 4 7 1
0 1 4 1
0 1 1
0 1 1 3 3 3
0 1 1
0 1 1
3 1 0 5 3 3
4 3 4 0 4 7 4
2 0 4 2 2
2 0 2 2
2 0 2 2 2
2 0 2 2
2 3 0 3
2 0 2 5 2
2 0 2 3
2 0 2
2 0 2
0 1 1
0 1 1
0 1 4 1
0 3 1 1
0 1 2
0 1 2
0 1 2
0 1 1
0 1 2
2 0 2 3
2 3 0 3
2 0 2 2
3 3 0 3
2 0 4 2 6 2
2 0 2 2
2 0 5 5 2
2 3 0 3
5 5 5 5 0
2 0 2 5 2
2 0 2 2
2 0 2 2
2 0 2 2
2 0 4 2 2 7 2 7 2
2 0 4 2 6 2 2 2 2
2 0 2
2 0 2 5 2
2 0 2
2 0 2
2 0 5 3 6 2
2 0 2 3 2
7 7 7 7 6 7 0
3 3 0 5 3
4 4 4 0 6 7 4 7
2 0 2 2
2 0 2 3
2 0 2 2
2 0 2 2 4
2 0 4 2 4 2
2 0 2 2 2
2 0 2 5 2
2 0 2 2 4 2
2 0 2 2 2
2 0 2 2 6 2
2 0 2 5 2 2 2
2 0 2 2 4 2
2 0 2 6 6 2 2
2 0 4 5 2
2 0 2
2 0 4 5 7 7 2
2 0 2 3
2 0 2
2 0 4 2 7 7 2 2 8
2 0 2
2 0 4 2 6 2
2 0 2
2 0 2 2
0 1 1
0 1 2 1
0 1 1
0 3 1 1 4
2 0 2 5 2 5
2 0 2 5 2
2 0 2 2
2 0 2 2
2 0 2 2 2
2 0 2 2 4
2 0 2
2 0 2
2 0 4 2 2
2 0 4 2 2 2
2 0 2
2 0 2 2 2 5 2 2
2 0 5 5 2
2 0 2 5 2
2 0 4 2
2 0 2 2
2 0 2 2
2 0 4 2
2 0 2 2 2 5
2 0 4 2 2
3 1 0 6 6 3
2 0 2 2
2 0 2
2 0 4 2
6 6 6 6 6 0
5 1 4 1 0 5 5 7 5
4 4 4 5 0 5 5
3 3 5 3 0 5 8 5 5
3 3 0 3
2 0 2 2 6 2 2
2 0 2
2 0 4 2 2
2 0 4 2
2 0 2 3
2 3 0 3 3
2 0 2 2 4 2
2 0 5 5 2
4 4 4 0 6 4 8 4
2 0 4 2 2 5 8 2
2 0 2
2 0 4 2 6 2 2
4 4 4 0 4
2 3 4 0 4 5 5
2 0 2 2
2 0 2 2 4
0 1 2
0 1 1
0 1 1 6 6 1
0 1 2 1
0 1 1
0 1 1
0 1 2 1 4 4
0 1 2 1
0 1 2 5 1
0 1 2
0 1 1
0 1 1 3
0 1 1
0 1 1
2 0 2
2 3 0 3 3 5 3 7
2 3 0 3 3 5 3
2 3 0 3 3 5 3 7
2 3 0 3 3 5 8 3 3 9
2 3 0 3 3 5 3 7 3
2 3 0 3 3 5 3
0 1 1 3
0 1 1
0 1 1 1 1
0 1 1 5 1
0 1 2 1 6 1
0 1 1 3 1
0 1 1 1
0 1 1 3 1
0 1 1 5 1
0 1 1 1 1
0 3 1 1
0 3 1
0 1 1
0 1 4 1
2 0 2 5 2
2 0 4 2 2 5
2 0 2
2 0 2 5 2
2 0 2 3 2
2 0 2
2 0 5 5 2
2 0 2 6 4 2
2 0 2 5 2
2 0 5 5 2
2 0 2
2 0 2
2 0 2 5 2
2 0 4 2 4 2
2 0 4 2
2 0 4 2
2 0 2
0 1 2
0 1 1
0 1 1 3
0 1 2
0 1 1
0 1 2
0 1 2 1
0 1 1
0 3 1 1
0 1 1
2 0 2
2 0 2
3 3 4 0 6 4
2 0 4 2
2 8 2 2 8 8 6 0 8
9 9 9 9 6 4 4 9 0 11 9
5 5 5 5 0 7 4
2 0 2
6 3 6 6 6 0
3 3 0 3 3
0 1 1 1
0 1 1 1
0 1 1 1
0 1 1 5 1 1
0 3 1 1
0 1 4 1 1
0 1 1 1
0 1 2 1 1
0 3 1 1 1
0 1 1 1
0 1 4 1
2 0 2 2
2 4 2 0 4
0 9 4 5 9 9 9 9 1
2 3 0 6 6 3
2 0 2 2
2 0 2 2 4 2
2 8 8 8 8 8 6 0
2 4 4 5 0 5 6
2 0 2 6 6 2
4 4 4 0
2 0 2 2 4 2 6 2
2 3 5 3 0 5 8 5
3 1 0 3
2 0 2 2
2 4 2 0 4 4 4
2 0 5 5 2
2 0 6 6 6 2 2
2 0 2 3 3 3
2 0 2 2
2 0 2 3
2 0 5 5 2
2 0 2 2
2 0 5 3 2
2 0 2 3
2 0 2 2
2 0 2 2 2
2 0 2 2
2 0 2 2
2 3 0 5 6 7 3 3 3
2 3 0 5 6 7 8 3
2 0 2 2 4
2 0 2 2 4 4
2 0 2 2
2 3 0 5 3 5 9 9 3
2 0 2 5 2
2 0 2 2 6 2 6 6 10 6
0 3 1 1
0 1 2 2
0 1 1
0 1 1
0 1 2 1
12 12 8 7 7 5 8 12 12 12 12 0
2 0 2 2 2 5
2 0 2
0 1 2 1
0 3 1
0 1 4 1
2 3 0 6 6 3
2 0 2 3 3
2 0 5 5 2
2 4 2 0 4 4
2 0 4 2 2 2
2 0 2 2
2 0 2 2 2 5
2 0 2 2 6 2
2 0 2 3 2 5 2
2 0 2 3 2 5 8 2
2 0 2 2 4 7 2
2 0 2 5 2
2 0 4 2
2 0 2 3 2
2 0 2 3 2
2 0 4 2 2
2 0 2 3 2 5 8 2
2 0 4 2
2 3 0 3 6 3 3 3
2 3 0 3 6 3 8 3
2 0 4 2
2 0 4 2
2 0 2 2
2 0 2 5 2 2
2 0 2 2 2
2 0 2
2 0 2 2
2 0 2 2 4 2
2 0 2 2 2
2 0 2 2 4 2
2 0 2 2
2 0 2 3 2 2 2
2 0 2 3 2 2 2 7
2 0 2 2 6 2 2
2 0 2 3
2 0 4 2
4 1 1 0
2 0 2 3 2 2
2 0 2 3 2 5 2
2 0 2 2
2 0 2 3
2 0 2 2 4
2 0 2 5 2 2 2 7
2 0 2 5 2 2 6
2 3 0 3 3
2 0 2 2 2
2 0 2 2 2 5
2 0 4 2 2
2 0 2 5 2
2 3 0 3
2 0 2 5 2
2 0 2 3 2
2 0 2 2
2 0 2 2
2 0 2 2 6 2
2 0 2 5 6 2
2 0 2 2
2 0 4 2 2 5
2 0 2 3 3 4
2 0 2 2
2 0 2 5 2
3 1 0 3 6 3 3
2 0 2
2 0 2 2
2 0 2 2
2 0 4 2
2 0 2 5 2 2
2 0 2 3 2 5 2
2 0 2 2 2
2 0 2
2 0 2 3 6 2 2 7
2 0 2 3 2 2 6
2 0 2 2 2
2 0 2 2 2
2 0 2 2 6 2 2
2 0 2 2 6 2 2
2 0 2 2 2 7 2
2 0 2
2 0 4 2 2 2 6
2 0 2
2 0 2 3 2 5 8 2
2 0 2 2
2 0 2 2 2
2 0 2
2 0 2 2 2
2 0 2 2
2 0 2
2 0 2 2 4
2 0 2 2 2
2 0 2 3 6 2 6
2 0 4 2 6 2 6
2 0 4 2
2 0 2 2
2 0 2 2 2
2 0 2 2
2 0 2
2 0 2 2
2 0 2 3 2 5
2 0 2 5 2
2 0 2
2 0 4 2 2 2 2 7
2 0 2 2
2 3 0 3
2 0 4 2 2 5 8 2
2 0 4 2 2 5 2 7
2 0 2 2
2 0 2 2 2
2 0 2 2 4
2 0 2 2 4
2 0 2 2
2 0 2 2
2 0 2 2
2 0 4 2 2 2 6
2 0 2 2 2
2 0 2 2 2
2 0 4 2 2
2 0 2
2 0 2 3 3 4
2 0 2
2 0 2 5 2
2 0 2 3 2
2 0 4 2
2 0 2 2
2 0 2 3 6 2
2 0 6 3 6 2
2 0 2 2 6 2
2 0 2 6 6 2
2 3 0 3 3
2 3 0 5 3
2 0 2 3 3 4
2 3 0 3 4
2 0 2 3
2 0 6 3 3 2
2 0 2 3
2 3 0 5 3
2 0 4 2 4
2 3 0 6 6 3
2 3 0 3
2 0 2 2
2 0 2 2
2 0 2 2 4
2 0 2 5 2
2 0 2 2
2 0 2 2
2 0 2 2
2 0 2 2 6 2 2
2 0 2 6 6 2
2 0 2 2 2
2 0 2 2 2 7 2
2 0 2 2 4
3 3 0 5 3
3 3 0 3 3
2 0 2 2
2 0 2 2 2
2 0 2 2
2 0 2 5 2
2 0 2 2
2 0 2 2 4 2 8 2
2 0 2 2 2 5
2 0 2 3 2 2
2 0 2 3
2 0 2 2 4 2
2 0 2 2 2
2 3 0 3 3 5
2 0 4 2
2 0 4 2 2
2 0 2 2
2 0 2
2 0 2
2 0 4 2
2 0 2 3
2 0 2 2 2
2 0 2 5 2 2
2 0 2 2 2 2
2 0 4 2
2 0 2 2 2
2 0 2 3 3
2 0 2
2 0 2 3 2
2 0 2 2
2 0 2 2 2 2
2 0 2 2 2 2
2 0 2 2 2
2 0 4 2 2 5
2 0 2 2 6 2
2 0 2 2
2 0 2 3 2
2 0 2 2 2
2 0 4 2 2 2 6
2 0 2 3
2 0 4 2 4
2 0 2 3 2 2 6
2 0 2 2 4
2 0 2 2 4 2
2 0 2 2 4 2 2 7
2 0 2 2 4
2 0 2 5 2
2 0 2 5 2
2 3 0 3
2 0 2 2 4
2 0 2 3 2 2
2 0 2 2 2
2 0 2 2 4
2 0 2 2 2
2 0 2 2
0 3 1
2 0 2 2 2
2 0 2 2 2 5 2
2 0 2 2 2 5 2 7
2 0 2 2 2
2 0 2
2 0 2 3 2 2 6
2 0 2 3 6 2
2 0 2
2 0 2 2
2 0 2 2 2
2 0 2 2
2 0 2 3 6 2 2 7
2 0 2 2
2 0 2 2 4
2 0 2 2
2 0 2 3
2 0 4 2
2 0 2 2
2 0 2 5 2
2 0 2 2 2
2 0 2 2
2 0 2 2
2 0 4 2 2 5
2 0 2 5 2
2 0 4 2 6 2 6
2 0 2 2
4 1 1 0 4
2 0 2
2 0 2
2 0 4 2 2 5
2 0 4 2
2 0 2 2 6 2
2 0 2 5 2
2 0 2
3 1 0 3
2 0 2 2 2 2
2 0 2 2 2
2 0 2 2 4
2 0 2 2 6 2
2 0 2 2
2 0 2 3
2 0 4 2 6 2 6
2 0 2 2 4 2
2 0 2 3
2 0 4 2
2 3 0 3 6 3
2 0 4 2
2 3 0 3 6 3
2 0 2
2 0 2 2
2 0 2 5 2 2
2 0 4 2
2 0 2 2 2 2 6
2 0 2 2
2 0 2
2 0 2 3 2 2 8 2
2 0 2 2
2 0 4 2
2 0 4 2 2
2 0 4 2 6 2 2 7
2 0 2 2 2
2 0 2 2 2 2
2 0 4 2 2
2 0 2 2 4
2 3 0 5 3 5
2 0 2 5 2 2
2 0 2 2 6 2 2 2 8
2 0 2 5 2
4 1 1 0 6 4
2 0 4 2
2 0 4 2 2
2 0 2 2 6 2 2
2 0 2 3
2 0 4 2
2 0 2 3 2
2 0 2 3 2
2 0 2 2 4
2 0 2 2 4
2 0 2 2 2 5 8 2 2 2
2 0 2 2 2 5 9 9 2 2 2 11
2 0 2 5 2
2 0 2 5 2
2 0 2 5 2
2 0 2 2 2 2
2 0 2 2 2
2 3 0 5 3 3
2 0 4 2
0 1 4 1
2 0 2 2
2 0 2 2 4
2 0 2 2
2 0 2 3
2 0 2
2 0 2 2
2 0 2 2
2 0 2 2 4 2
2 0 2 3 2
2 0 2 3
2 0 2 3
2 0 2 2 2
2 0 2 2 2
2 0 2 3 2
2 0 2 3
2 0 2 5 2 7 2
2 0 2
2 0 2 5 2 7 2
2 0 2 5 2 2
2 0 2 2
2 0 2 3
2 0 2 2
2 0 4 2 4 2
2 0 4 2 2
2 0 2 5 2 2
2 0 4 2 6 2 2
2 0 2 2 4
2 0 2 2 4 2
2 0 2 2 2 2
2 0 2 2 2 5
2 0 2 2 2 2
2 0 2 2 2 5 2
2 0 4 2
2 0 2 2 4 2
2 0 2 2 2
2 0 2 2
2 0 2 2 2
2 0 2 3 2
2 0 2 2
2 0 2 2 4
2 0 2 2 2
2 0 2 2 2
2 0 2
2 0 4 2
2 0 2
2 0 2 5 2 2
2 0 2 3 3 2 6
2 0 2 3 2 5 5 6
2 0 2 5 2
2 0 2 3 3 4
2 0 2
2 0 2 2
2 0 2 2 2
2 0 2
9 1 1 9 9 9 9 9 0 9 12 10 12 9 9 15 19 17 9 19 19 19 19
2 0 4 2 2 5 11 10 8 11 6 14 14 2
2 0 2 3
4 4 4 0
2 6 6 6 6 0 4 9 7 9 12 9 9 13
7 7 7 7 7 5 0 7
2 0 2 5 2 8 8 5 8 8 13 13 5 13 13 15 18 5 18 21 18
3 3 0 3
2 0 2 6 6 2 2 9 2 9 9
3 3 0 3 13 9 9 9 13 12 12 9 3
5 5 5 5 0 5 11 9 11 11 5 11 11
3 3 0 3 3 3 3 3 10 3 12 10 10 10 3 17 3 17
2 0 2 2 2 2
