7 4 1 3 3 5 0 7 8
3 3 0 5 3 5 3 9 7 11 9
3 3 0 6 6 3 3 7 10 7 10 14 11 13 13 11
3 1 0 3 4 5 6 9 6 11 9 14 11 13 13 15
2 3 0 3 4
3 1 0 5 3 3 6
2 7 4 7 7 7 0
2 10 4 10 4 7 4 10 10 0 10 11 12 15 13 17 15 17
9 4 1 3 3 5 9 9 0 9 12 9 14 9 14 15 18 16 18 21 9 21 24 21 24 28 25 27 27 25
2 5 2 3 0
3 3 0 5 3 5 8 3 8 11 8
2 4 4 0 4 7 5 9 7 9 5 5
3 3 0 6 6 3
3 3 5 5 0 7 5 5 8 9 13 10 12 12 16 14 18 9 20 18 5 21 21 23 26 23 28 26 30 28 23 31 21 33 21 21 38 36 38 39 40 41
2 5 5 5 0 5 6 9 7 11 9
9 4 1 3 3 5 9 9 0
2 0 2 3
2 0 2 3
2 0 2 3 3 8 5 7 7 11 9
2 0 2
7 1 2 5 3 7 0 9 7 9 10 13 10 13 16 13 18 7 18 21 18
4 4 4 0
9 1 1 5 1 5 6 9 0 9 9 11 12 15 12 15 18 15
3 3 0 3 6 4 6 12 10 11 12 6 14 12
2 0 2 6 6 3 6 9 3 9 12 3 12 15 3 18 15 17 17 19 3 23 21 23 26 21 26 29 26 31 29 21 21 35 33 37 3 37 40 37 37
3 3 7 7 4 7 0 7 8 9
2 0 2 5 3 3 8 6 8 9 9 11
5 5 4 5 0 5 6 9 6
3 3 7 7 4 7 0
0 1 4 1 1 1 1 7 10 7
4 4 4 0 6 4
3 3 0 5 3 3 3 7
2 7 4 2 7 5 0 7 8 11 7 11 7 13
2 0 4 2 6 4 8 6 10 2 10
9 1 1 5 3 5 9 9 0 9 12 10 14 9 16 14 18 14 14 19
3 1 0 5 3 7 5 7 10 5 10 11 11 13
2 0 2 7 7 7 3 3 8
3 3 0 5 3 5
5 1 5 5 0 7 5 9 7
3 3 0
2 12 4 2 6 4 6 9 6 12 12 0 14 12
5 3 1 5 0 5 5 9 5 11 9 13 9 16 16 13 18 16 18
5 1 1 5 0 5
3 3 0
2 0 4 2 4 4 9 9 6 11 9 13 11 9 14 17 14
2 15 2 5 3 9 9 9 15 12 12 9 15 15 0 17 15 19 17 21 19 23 17 25 23 27 25 17 30 28
2 5 5 5 0 7 5 9 5 9 13 13 10 15 13 15 20 17 20 5 22 20 22
0 3 1 5 3
3 3 0 5 3 5 6 6 10 5 10
2 0 2 3 4
3 3 9 3 6 3 3 9 0 12 12 9 12 15 12 17 15 19 15 19 20
2 13 4 2 4 4 6 6 8 8 13 13 0 13 17 17 14 19 17 19
7 1 4 1 7 7 0 9 7 11 9 14 14 7 7 7 7 17 17 21 7 23 21 23 27 27 24
5 3 1 5 0 5 8 6 10 6 10 11
8 1 4 2 8 8 6 0
2 10 10 10 6 4 8 4 10 0
2 0 4 2
12 3 1 3 6 1 12 10 10 12 12 0 14 12 14 12 18 12 20 18 22 20 24 22 27 27 24 29 27
2 0 2
2 11 2 11 6 4 8 6 10 8 0 13 11 11 16 14 18 14 18 22 22 11 24 22 24 28 28 22
3 3 0 5 3 3 6
14 1 4 2 4 5 8 6 11 11 8 14 14 0 14 18 18 14 18 21 18 21 22 22 21 25 25 27
2 9 2 5 3 5 8 5 0 9 12 10
3 3 0 3 4 4 8 6 8
2 0 4 2 6 4 8 6 2 9 12 10 2 13 2 17 15 15 20 18 15 15 24 22
3 1 0 5 3 3 6 6 3 11 9 3 12 3 16 14 18 16 3 3 22 20 20 20 20 27 25 27 3 31 29 29 34 29 36 34 38 36 40 38 3 43 41 41 41 47 45
2 0 2 5 3
3 1 0
10 1 10 6 6 10 10 7 7 0 12 10 12
2 0 4 2 4
3 3 0 5 3 7 5
5 5 5 5 0 8 8 5 5
4 4 4 0 4 7 4 9 4 9
3 1 0
4 1 4 0 6 4 6
4 4 4 0 4
3 3 0 3 6 4 6 7
3 3 0 5 3 5
3 3 0 3 4 7 4 7
2 7 2 7 4 7 0
2 0 2 5 2 5
5 3 1 5 0 5 5 9 7 9
2 3 10 6 6 3 10 10 10 0
2 0 5 5 2 7 5 9 7
6 3 1 1 6 0 6 10 10 7 13 13 10 15 13
2 5 5 5 0 5 6 9 7
6 3 6 3 6 0
2 0 5 5 2 7 5 5 10 5 12 2
2 4 4 0 6 4 4 7 10 8
0 3 1 1 6 4 6 10 10 4 10 13 10 15 13 15 15 17 17 19 20 23 20 15 24 25 28 26 30 28
3 3 0 6 6 3 8 3 8 11 3 14 11 13 13
2 0 5 5 2 7 8 2 10 2
10 3 1 1 7 7 4 9 4 0 12 10 14 10 14 15 18 16 18 19 19
2 7 5 5 2 7 0 7 11 11 7 14 14 11
2 5 5 5 0
3 3 0
8 1 4 2 8 8 8 0
2 11 4 2 6 4 11 10 10 7 0 13 11 13 16 13
2 3 0
2 5 5 5 0 7 5
3 3 0 3 4 7 5 7 8
5 3 1 3 0 5
2 9 2 5 2 5 8 5 0
17 1 2 2 6 4 6 9 7 11 6 13 11 15 13 15 0 20 20 17 22 17 22
0 3 1 5 3
4 1 2 0
4 1 2 0 6 4 9 9 4 11 9 13 9
0 1 1 3 6 4 6 9 6 9 1 1 12 12 1 15 1 17 20 18 20 24 24 25 20 27 25
2 0 2 5 2 5
2 0 2
0 1 1 5 3 8 8 1
0 1 1 5 3 7 5
2 0 2 3
6 1 4 1 4 0 6 9 6 9 9 13 11 11
3 3 0
3 3 0 3 4 7 4 7
2 0 2
18 1 2 2 4 1 6 6 8 9 9 11 1 1 14 15 18 0 20 18 22 20 20 23
2 5 5 5 0 5 8 6
2 0 4 2 6 4 8 4 10 8 10
4 1 4 0 6 4
5 1 5 5 0 7 5 9 7 11 7 11
2 6 4 2 6 0 8 6 10 8 12 6 14 12 12 15 12 17 18 12 22 20 12 25 23 27 23 12 30 28 12 31 34 32 12 35 12 37 12 41 39 43 39 12 44 45 12 47 12 51 49 49 49 55 53 57 55
2 0 4 2 4
3 3 0 3 4 3 8 6 10 8 12 10 8 13 16 14
3 3 0 3 6 4
6 6 4 6 6 0
2 0 4 2 4 8 4 7 7 9 12 2 12 15 13 17 2 17
2 4 4 0 4
0 3 1 3 3 5 8 6
2 0 4 2 4 7 5 7 8 9
0 3 1 3 7 7 1 10 10 11 7
2 0 2 5 3 5 9 9 6 9
2 0 5 5 2 5 6 6
2 0 4 2 4 8 8 4
5 1 1 5 0 5
0 3 1 3 7 5 3 9 7
6 3 1 5 3 0 6 7 11 11 7 7 14 12 12 15 19 15 18 18 20
2 0 2
2 4 4 0
2 4 4 0 4
2 6 2 6 6 0 6 9 7 12 9 11 11 13 6 15 18 16
4 4 4 0 4 8 8 4 10 8 10 13 10 15 10 15 15
3 3 8 8 4 8 8 0 8 9 10
3 3 0 3 6 4
4 4 4 0 6 4
4 4 4 0 4 5
3 3 0 3
6 6 6 5 6 0
2 0 2
2 4 4 0 4 7 5 9 7 9 7
7 3 1 1 4 7 0 9 7 9 7 13 11 15 13 15 15 15 20 18 20 21 24 21 24
3 3 0 5 3 7 5
3 3 0
3 3 0 5 3
2 16 4 2 4 7 2 7 2 11 16 13 11 16 16 0 18 16 18 18
5 1 5 5 0 7 5 7 8 11 8 11
6 6 2 6 6 0 9 9 6 11 9 13 11
2 3 0
3 3 0 3 8 8 8 4
4 4 4 0 4
6 1 6 6 6 0 8 6 6 11 9 14 12 6 14 14 18 14 18
2 4 4 0 6 4
8 1 4 1 6 4 6 0 8 8 12 10 14 12 14 17 19 19 8 21 19 23 21 21 27 27 19 29 27 29
8 1 4 2 6 4 6 0 8 9 10
7 1 2 1 6 4 0 7 10 8 10 11 11 10 14 17 15 17 21 21 17 23 21 23
2 0 2 3 3 5 8 2 8
2 6 2 6 6 0 6 7 7
5 1 2 5 0
2 0 4 2 4
2 5 5 5 0 5
2 14 5 5 2 5 8 6 8 14 12 10 12 0 14 14
7 4 4 1 4 7 0 7 8
4 4 4 0 6 4 8 4 10 4 10
2 0 4 2 6 4 8 4 11 11 8 13 11 13 16 8 16
2 5 5 5 0 7 5 7 7
4 4 4 0 4 5 6 11 11 11 4 13 11
3 3 0 5 3 5 8 3 8 9 10 10 9
8 3 1 5 3 8 8 0 10 8
3 3 0 3 6 4 8 3 8 11 3 11 14 11 14
2 0 2 5 2
0 1 2
2 0 4 2 6 4
3 3 9 9 6 4 9 9 0
3 3 0
2 5 5 5 0
3 3 0
0 1 1 3 8 8 8 4
4 4 4 0 6 4 8 6 8 11 6 11 12 12 12 15 16 19 16
4 4 4 7 4 7 0 7 8 11 9 11 14 7 14 18 18 15
2 5 5 5 0 7 5
3 3 0 3 6 3
3 3 0 5 3
4 1 4 0
6 3 1 6 6 0 8 6 8 8 13 13 10
2 4 4 0 4
2 5 5 5 0
3 3 0
13 1 1 3 6 4 8 13 10 8 13 13 0 15 13 17 15 15 20 18
3 3 7 7 7 7 0 7 13 11 8 11 11 11 14
9 1 1 3 4 5 5 9 0 9 13 13 9 16 14 13
3 3 0 3 4
3 3 0
5 5 5 5 0
2 5 2 5 0 5
2 0 4 2 6 2
3 3 0 7 6 7 3 3 10 8
4 4 4 0 4
4 4 4 0 4 7 5 7
9 1 5 1 4 4 9 9 0 12 12 9 15 15 9 18 18 9 18
3 3 6 6 6 0 8 6 8 9 10 6 14 12 16 14 18 21 18 21 6 24 24 21 24
5 1 1 5 0
2 5 2 5 0
5 5 5 5 0
3 3 0
4 4 4 0 8 7 8 4
2 6 2 6 6 0 8 6 10 8 10 11
3 3 0
2 0 2 3
8 3 1 3 6 4 8 0
3 3 0
6 3 6 3 6 0 6 7 10 8 12 10 10
8 3 8 5 3 3 8 0 8
3 3 0 3 6 4 8 4
2 0 4 2
3 3 0 5 3 7 5
3 3 0 5 3 7 3
4 1 4 0 7 7 4 9 7 11 9 4
6 3 1 6 6 0 6 7 10 7 12 13 10
3 3 0 3 6 3
4 4 4 0 6 4 6
2 5 5 5 0 5
5 3 1 1 0
3 3 0
5 5 5 5 0 7 5 10 10 7
6 1 2 5 2 0
3 3 5 5 0
2 0 4 2 2 7 5 7 7 11 5 14 14 11 14 5 18 16 20 18 22 18
3 3 0 5 3
2 0 2 5 3 7 2
6 1 1 6 6 0 6
3 3 0 3 7 7 3
2 0 2 5 3 5 3 3 11 11 2 14 12 11
2 0 4 2 6 4
2 0 2 5 2
2 6 2 2 6 0
4 4 4 0 7 7 4
2 0 2 3 4
2 0 4 2 4 8 8 5 10 4 10 14 10 13 13
3 3 15 5 3 5 10 9 10 6 15 11 15 15 0 15 18 16 18 21 19
3 3 0
4 4 4 0 6 4
2 0 2
3 3 0 3 6 3 6
3 3 0 3
8 8 4 2 4 5 8 0 11 11 8 13 11 11 16 14 16 17 18 18 20
2 6 6 3 6 0 9 9 6 11 9
3 3 0
2 14 14 3 14 14 9 9 14 11 9 11 14 0
2 0 2 2
2 0 2 5 3
5 5 2 5 0 5 8 5 10 5 10 13 5 13 14
5 1 5 5 0 7 5 9 7
2 7 2 3 4 7 0
2 0 2 2
2 0 2 5 2 5 8 2 8
4 1 2 0 6 4 8 6
2 7 2 5 2 7 0 9 10 7 12 10 12
2 7 4 2 7 7 0 9 7 11 9
7 5 4 5 1 7 0
2 5 2 5 0 5 6 9 7 9 12 9
3 3 0 3 3 3 8 6 10 8
4 4 4 0 6 4 6 7 11 11 7 11 12 12 16 14 16 19 11 21 19
2 6 6 3 6 0 8 6
7 1 4 2 4 7 0 7 8 11 7
2 17 2 3 4 7 17 9 7 11 9 13 11 17 17 17 0
2 0 2 5 2 5 5 7 8 7 12 10 14 10 16 14 18 16
2 6 4 2 6 0
2 0 2 3
2 0 2 3 4 7 4
3 3 0 3 3 5 6 9 5
4 4 4 0 6 4 6
2 6 2 6 6 0
6 1 4 1 6 0
2 0 5 5 2 5 8 2 8 2 10 11
0 1 1 1 4 7 5 7
2 0 5 5 2 2 6
0 1 2 5 2 7 5
4 4 4 0
3 3 0 3 4
2 0 2 3 6 3
2 7 7 7 7 7 0
2 0 2 5 3 8 8 5 10 5 10
3 3 0
3 3 0 3 4 5 5 9 4
4 1 2 0
2 4 4 0 4 8 6 5
3 3 0 5 3 5 8 6
2 5 5 5 0
0 4 4 1 6 4 6 7 10 7 10 1 1 13
2 9 4 2 6 4 6 9 0 11 9 14 14 9
5 5 5 5 0 7 5 7 10 7 12 10 12 13 13
2 0 2 3 2 5
5 5 5 5 0 5 6
5 1 5 5 0
8 1 4 1 4 8 8 0
2 12 4 2 6 2 8 6 12 9 12 0 12
2 12 4 2 7 7 4 9 7 12 12 0
3 3 0 3 4 5 8 5 8 9
4 4 4 0
3 3 0 5 3
0 3 1
2 4 4 0
4 1 4 0 7 7 4 9 7
2 4 4 0 6 4 9 7 6 4
4 4 4 0 7 7 4 10 10 7 12 10 12 12
5 1 5 5 0 5
2 4 4 0
3 3 0 5 3 5
3 3 0 5 3
2 0 4 2 6 2
2 5 2 5 0 7 5
0 3 1 3 1 1
3 3 0
2 0 2 5 3 7 5
3 1 0 3 6 3 11 10 10 11 6 13 11 15 11 17 15 17 17
0 1 4 2 8 8 8 2 10 8 12 1 12 13 16 1 16
2 0 2 3
3 3 0
2 0 5 2 4 4 6 7
2 5 5 5 0 7 5 7 10 5 10 13 11 10 14 15 18 14
2 11 2 11 4 7 4 4 8 11 0
6 3 1 6 6 0 6 7
2 4 4 0 4 7 5 10 10 5 10 13 11
2 6 6 6 6 0 6 7 10 7 10 13 11 15 13 17 15 17 20 15 20
4 4 4 0 4
2 6 2 6 6 0 6 6 10 8 10
3 3 0 5 3 8 3 7 7
2 4 4 0 4 5
4 4 4 0 6 4
3 3 0 5 3 3 9 9 6 9
14 3 1 5 1 5 8 6 8 9 12 6 12 0
2 4 4 0 6 4 6 6 11 4 10 10 12
8 1 2 2 6 1 6 0
3 3 0 6 6 3
2 5 2 5 0 8 8 5 8
2 6 2 6 6 0
3 3 0
15 1 1 3 4 7 4 7 8 8 15 15 15 15 0 15 19 19 15
15 3 1 3 15 5 15 9 7 11 9 15 15 15 0
2 7 4 2 7 5 0 7 10 7 10 11 11
2 5 2 3 0 7 5 9 7
2 5 5 5 0 7 5 9 7 9 14 13 14 7 14
3 3 0 7 7 7 3 9 7 11 9 7 12 13 17 13 16 16
3 3 0
2 3 0 5 3 7 5
2 0 5 5 2 5
2 4 4 0 6 4 8 6 4 9 9 11 14 11 16 14 19 19 11 19 20
2 6 2 3 6 0
3 3 6 3 6 0 9 9 6 9 9 13 6 15 13
2 0 4 2 2 2 6 2 2 11 9
8 4 4 1 8 8 8 0 8 12 12 8 14 12
2 0 2 5 2
3 3 0 3
4 4 4 0
2 0 4 2 4 5
4 4 4 0
2 6 6 6 6 0
7 1 4 1 7 7 0 9 7 11 7 14 14 7 16 7 16 19 17
4 4 4 0
3 3 0 3 6 3
2 10 5 5 10 7 5 10 10 0 12 10
5 1 2 5 0
0 3 1 3 1 5 5 5 8
0 3 1
3 3 0 3 6 3
0 1 1 3 6 3
4 4 4 0
5 5 5 5 0 7 5 7 10 7 10
2 7 4 2 4 7 0 9 7 12 9 11 11
6 1 6 6 6 0 8 6 8 9 9
3 3 0 6 6 3 6 6 10 8 10
3 3 7 6 6 3 0 7 10 7 10 13 11 13 16 13
10 1 4 2 4 7 5 10 10 0 10 13 10 13 13 15 16 17 17 13 20 23 20
5 5 5 5 0 7 5 7 7 11 7 11
3 3 0 5 3 9 9 9 5 11 5 13 11 15 5 15 18 16 16 21 16 21 22 23
3 3 7 5 7 7 0
2 0 4 2 6 4 8 4 8
3 3 5 5 0 10 8 10 8 5 12 10 12
9 3 4 1 7 7 1 9 0 9 10 13 11
2 13 13 6 6 3 8 6 10 6 10 13 0
3 3 0 5 3 5
2 4 4 0 6 4 6
2 0 4 2
2 6 4 6 6 0 6 9 7 11 6
2 5 5 5 0
3 3 0 3 4
4 4 4 0
3 3 0
2 0 2 6 6 2 8 6
2 0 2 3 3 8 2 7 7 11 9 11
2 10 5 5 2 5 8 5 10 0 13 13 10 15 13
3 3 9 9 4 7 4 9 0
3 3 0 5 3 5 8 5 8 11 9
6 1 4 1 6 0
3 3 0 6 6 3 10 10 10 3
2 4 4 0
3 3 0 5 3 7 5
2 4 4 0 4 5 8 5 11 11 8
3 3 7 3 3 7 0 9 7 12 12 7
4 4 4 0 4 5 6 6 5 11 9
3 3 0 3 6 4 8 6
14 1 2 2 6 4 6 9 1 9 10 11 11 0
2 6 6 6 6 0 8 6 8 11 6
6 6 6 6 4 0 8 6 8
22 1 4 2 22 5 5 9 5 22 13 13 10 10 16 10 16 19 16 19 22 0 24 22 26 24 29 29 24 29 30 34 34 29 36 29
2 5 5 5 0
4 4 4 0 6 4 8 6 8 11 9 13 11 13
2 6 4 2 6 0 8 6 8 9 12 6
3 3 0
3 3 0 5 6 3 9 9 3 9 12 10 12
3 3 0 3 6 4 4 4 10 8
4 1 4 0 4 4 8 6 10 6 10 11
2 6 4 2 6 0
3 3 0 3 6 4 4 9 4 9
2 7 2 3 7 7 0 7 10 8
2 8 2 5 3 8 8 0 11 11 12 8 14 12 14
2 0 2 5 3
2 5 5 5 0 7 5
5 3 1 5 0 5
3 3 0 6 6 3 3 7 10 8 10 10 14 10 14
6 1 4 1 6 0
6 1 6 6 6 0
0 1 2 5 3
3 3 5 5 0 5 8 5 8 9
2 6 2 6 6 0 6 7
2 5 5 5 0 7 5 9 5 9 9 14 14 11
3 3 0 3
3 3 0 3 4
2 8 4 2 4 5 8 0
2 0 4 2 4 2 8 6 8 6 12 10 14 12 12
4 4 4 0
0 1 4 5 1
2 3 13 5 3 5 6 9 6 11 9 13 0 15 13 15 16 16 20 15
2 0 2
6 1 4 1 6 0 6 9 7 9 9 13 9 13 14 15
2 0 2 5 2 2 6 7 7
3 3 0
6 3 1 6 6 0 8 6 10 6 10 11 12 12 11 11 16 17
2 6 2 6 6 0 6 9 7
4 1 4 0 4
2 0 2 3 6 2 6
3 3 0 3 3 7 5 9 5 9 10 11 14 11
2 0 4 2
4 4 4 0 7 7 4
2 0 4 2 6 4 8 4 8
2 0 4 2
5 1 5 5 0 7 5 10 10 5 12 10 12 13 13
5 3 1 5 0 7 5
3 3 0 3
5 1 1 5 0 7 5 7 10 5 10 11
2 7 4 7 7 7 0 7 8
10 1 1 5 3 7 3 7 10 0
3 3 0 5 3 5
3 3 0 3 4 8 8 3 8 11 8
2 6 2 6 4 0 8 6 10 6 12 10
2 0 2 6 3 5 5 9 7 7
2 14 2 3 3 8 8 14 10 8 12 10 14 0 14 15 15 17 17
3 3 0 5 3 7 5
3 3 0 5 3 7 5
4 1 4 0
5 1 1 5 0 5 8 5 10 8 12 10 14 10
4 1 4 0 4 4 8 6
5 5 5 5 0
3 3 7 7 7 7 0 9 7 7 10 10 14 12 16 12 18 16
2 6 4 6 6 0 8 6 8
2 0 4 2
2 8 8 8 8 8 8 0 8 12 12 8 12
3 3 0 3
2 7 4 2 7 7 0 10 10 7 12 10
2 5 2 5 0 7 5 9 5
2 16 4 2 6 4 9 9 6 12 6 11 11 16 16 0 18 16 18
2 4 4 0 6 4 8 4 10 4 10
2 5 5 5 0
3 8 2 2 8 8 8 0
3 3 0 3 7 7 3 9 7 11 7 11
4 1 4 0
2 4 4 0 4 4 6
3 3 0 3
3 3 0
0 4 4 1
2 11 11 3 6 3 6 11 11 11 0
5 5 2 5 0 7 5
3 3 0 5 3 5 5
5 5 5 5 0
3 3 0
2 0 4 2 6 2 9 6 8 8 10 6 14 6 17 14 16 16
3 3 0 5 3
3 3 7 3 7 7 0 7 10 7
3 3 0 5 3 9 9 9 5 11 9 11
2 0 4 2 6 4 6 2 8 8
6 1 4 1 6 0 8 6 6 9
2 0 5 5 2 5
2 4 4 0 4 5
7 1 2 5 1 7 0 7 10 7 10
8 1 4 1 4 5 8 0
2 0 4 2 6 2
4 4 4 11 11 7 5 7 11 11 0 11
3 3 0 5 3 5 8 5 8 11 8
2 0 4 2 6 2
2 8 2 8 8 8 8 0 8 11 8
8 3 1 8 4 8 8 0 10 8 10 16 15 15 16 8 18 16 20 18
2 0 4 2 6 4 6 9 4 2 2 2 12 15 13
2 0 4 2 4
4 4 4 0 4 7 5 7 10 7 10
3 3 0 3 6 4 6 9 4 9 12 9 17 13 17 17 3
3 3 0 5 3 7 3 9 7 11 9
3 3 0
0 3 1
2 5 5 5 0
3 3 0 3
3 3 0 3 6 4
0 3 1
3 3 0 5 3
3 3 0 5 3 5 6 3
3 3 0 3 3 5 6 7 11 11 7 13 11 13 16 13 16
3 3 0 5 3 5
0 1 1 6 6 1 1
2 7 4 7 7 7 0 7 7 7
3 3 0 6 6 3 8 3 10 8
3 3 0 3
3 3 0 3 3 7 5 5 8 9 12 9 14 12
0 1 1 1 4
4 4 4 0
3 3 0 5 3 7 5 7
2 0 4 2 6 4
2 0 4 2
2 10 2 3 6 2 6 7 10 0 17 13 17 13 14 17 10 17 20 17 20
2 11 2 3 4 8 8 4 11 11 0 14 14 11 16 14
3 3 0 6 6 3 6 9 7
5 3 1 5 0 8 8 5
2 5 2 5 0 7 5
3 3 0 3 3
2 0 2
4 4 4 0 6 4 6 7 7
2 0 2 5 2 5 6 9 6
3 3 0 3 7 7 3
2 0 2 3 6 3 8 3 8 9
2 0 2
3 3 0 3 4 5
2 13 2 5 13 8 8 5 8 11 13 13 0 13 16 13 19 19 13 19
3 3 0
3 3 0 5 3 8 8 3
3 3 0 3 7 7 3 7 8 12 12 7 14 12
3 3 10 5 3 10 10 10 10 0 10 13 10
2 0 2 3 4 7 4 7
3 3 11 5 11 11 8 11 8 11 0
2 0 4 2 2
2 0 2 5 3 5 8 3
3 3 13 7 13 5 5 5 8 11 13 13 0
10 3 1 3 6 4 8 4 8 0 12 10 12 10 14 17 14 17 10 19 19 24 24 19 26 24 26
10 1 5 5 2 10 8 10 10 0
2 6 4 2 6 0 8 6 8 8
2 0 4 2 4
3 3 0 3 4 5 8 5 8 3 10 10 12 13 13
2 0 4 2 6 4 12 7 10 7 10 2 12 16 16 13 16
4 4 4 0 6 4 8 4 8 12 12 8
2 12 2 5 2 7 12 7 12 11 12 0
3 3 4 0 4 5
3 3 0 5 3
2 3 6 6 6 0 9 9 6 9 10 10 12
4 4 4 0 6 4 9 9 6 6 10 10 12
3 3 0 3 4
5 5 5 5 0
2 0 4 2
3 3 11 5 11 5 5 7 11 11 0 17 14 11 16 14 14 20 20 14 22 20 22
3 3 0 5 3 7 5
2 0 2 3 6 3 6 6 11 11 8 11 17 17 14 14 11 17 20 17
2 0 2 3 6 3 6
2 0 2 6 6 2 6 10 10 6 10 14 14 10 16 14 16 19 16 21 2 23 21
4 3 1 0 4 5 6 9 6 9 13 13 9 13 16 14 16
4 4 4 0 6 4 6 9 6
2 4 4 0 6 4 6 9 6 11 9
4 4 4 0 6 4 6 10 6 9 9 13 11
3 3 0
2 8 2 3 8 5 8 0 8 11 12 9 8 13 14 14 16 19 17 19 20 20
3 3 0 3 4 7 3 9 7
3 3 0 3 16 7 5 7 7 11 7 11 16 13 16 3 16 17 20 18
6 3 1 6 4 0 8 6 6 9 10 11 15 15 11 15 18 15 20 18
2 0 6 5 6 2 9 9 6 9 12 10
3 3 0 5 3
2 15 4 2 4 4 4 9 7 11 9 15 15 15 0 17 15
5 5 5 5 0 7 5 7 11 11 5 11 11 15 13 17 15 19 17 21 13 23 21 25 23 25 26 29 26
3 1 0 5 3 7 5
3 3 0 5 3 5 8 5
4 4 4 0 6 4 8 6
4 4 4 0 8 4 6 6 6 11 9
20 1 5 5 1 5 8 6 8 8 13 13 8 13 17 17 13 20 20 0 20 23 21
5 5 5 5 0 8 5 7 7 9
2 0 4 2 4 5 5 11 11 11 7 13 11 15 13 17 15
3 3 0 3 4 7 4
3 3 0
2 0 5 5 2
5 1 1 5 0
3 3 0 5 3 7 5
2 0 2 3
0 4 4 1 4 7 4 9 7 9 12 13 9 13
2 0 2 2 6 2
2 4 4 0 4 5 5
3 3 0
0 3 5 5 1 7 5 7 1 12 12 9 14 9 14 15 15 21 20 21 17
3 3 0
2 5 2 5 0
2 5 5 5 0 7 5 9 5 9 5 13 11 13 16 11 16
12 1 2 2 6 2 8 6 8 11 9 0 12 13 16 13 18 12 20 18 20 23 12 25 23 25
8 1 5 5 1 8 8 0 13 8 10 11 10 10 14
3 1 0 3
2 0 4 2 4 7 4
2 0 2 3 7 7 3 10 10 3 10
4 1 4 0
3 3 0 5 3 7 5 7
2 7 7 7 7 7 0 9 7 9 9
2 16 4 2 6 4 6 7 10 7 12 6 14 12 16 0 19 19 16 21 19 21
2 0 5 5 2 5
3 1 0
3 3 0 6 6 3 8 6 10 6
2 0 2 6 6 3 6 7 10 7 12 6 14 12 14 6 19 19 6 19 22 19 22 26 26 22 28 26 28
3 3 7 7 4 7 0 7 8 11 9 13 11 13 11 15 18 15 18 21 18
2 0 2
6 1 1 6 6 0 9 7 6
3 3 0 6 6 3
5 1 1 5 0 5 6 9 6 9 12 9
0 1 2 5 1 5 8 5 1 9 10
3 3 0
2 0 2
3 3 0
7 7 2 2 6 2 0 9 7 11 9
2 0 4 2 4 7 2 7 8 11 9 11
2 6 2 6 6 0 6 7
4 1 4 0 4 5 5 7 10 7 12 4 12 17 17 17 12 19 17 19
3 3 0 5 3
3 3 9 5 3 5 6 9 0 9 13 10 12 12 16 14 16 17 17 21 19
4 1 4 0 4 7 5 9 5 11 9 9 14 9 16 14 18 14 18
2 5 4 2 0
2 0 4 2 6 4 8 6
2 5 5 5 0 5 6 9 6 9 9 13 11 15 11 15 15 19 15 21 19
5 3 1 5 0 7 5
2 6 2 6 6 0 6
4 4 4 0
6 1 2 5 1 0
4 1 4 0 7 7 4
3 3 10 3 4 5 8 5 10 0 10 11 12 15 12
3 3 0
3 3 0 3 6 4
4 4 4 0 6 4
3 3 0 5 3
3 3 6 6 6 0
2 7 7 7 7 7 0
3 3 0 3
2 0 2
4 4 4 0
2 7 7 5 3 7 0
2 0 2 7 3 5 5 5
2 8 2 8 8 5 8 0 11 11 8
2 0 4 2 4
11 1 1 5 3 7 5 9 3 11 0
2 0 4 2 6 4
2 5 5 5 0 8 8 5 11 11 8 13 11
3 3 0 3
7 3 7 5 3 7 0
2 6 2 6 6 0 6 7
2 0 4 2 6 2
2 9 2 9 4 9 8 9 0 9 9 9 14 12
6 3 1 6 6 0
2 0 2 3 6 4 6 7 10 6 10
3 3 0
2 5 5 5 0 7 5 9 10 5
2 0 5 5 2 7 5 7 7
3 3 0
2 0 2
3 3 0 5 3
6 1 1 1 4 0 6 6 10 6 12 10 12 15 12
2 3 5 5 0
3 3 0
2 0 2 5 3 5 8 5 10 8 10
2 7 2 7 4 7 0 7 10 8 7 11 12 15 12 15 7 19 17 21 19 21 21 17 26 17 28 26 30 28
2 4 4 0 4 5 5
2 6 2 6 6 0 6
2 0 4 2 2 7 2 7 10 7 10 10 14 12 17 12 16 16
3 3 0 3 4 4 8 3 8 9 10 10 9 15 13 15 18 13 20 18 22 20
2 11 2 2 11 5 8 5 5 11 0
4 1 4 0 4 7 4 7 7 11 4 11 14 12 12
2 7 2 7 4 7 0 10 10 7 13 13 7 13 14 14 18 16 20 18 20 23 16 23 26 23 26
2 9 9 5 3 3 9 9 0 11 9 11
2 7 4 2 7 7 0 10 7 9 9
2 8 4 2 4 5 8 0 10 8 10 10 14 12 17 17 12 21 17 19 19 19 22 17
2 0 4 2 6 4 6
5 5 5 5 0 7 5 5 10 8 10
4 4 4 0 8 4 6 6 6 9 9
0 1 5 2 4 4
2 11 2 6 6 11 8 11 8 11 0
2 8 2 2 8 5 8 0 8 9 10
2 0 2 3 4 7 4
2 0 4 2 6 2 6 9 2 9 13 13 10 16 16 10 16 16 20 18 20 20 24 22
6 1 2 2 6 0
3 3 0 5 3 3 6 3 8 8
3 3 0 3 6 4 6 9 7 9
4 1 4 0 4 5 6 10 10 4
2 0 2 3 3 8 8 3 10 8 10
3 3 5 3 0 5 6 6
4 4 4 0 4 7 4
2 3 5 5 0 7 5 7 10 8
5 5 5 5 0 7 5
5 5 2 5 0 8 8 5 5 11 9 13 11
2 7 2 3 7 7 0 9 7 9
4 4 4 0
3 1 0 5 3 3 6 6 3
2 0 4 2 4 5 5 9 2 9
4 1 4 0 6 4 8 6
3 3 0 6 6 3 3 9 3 11 9 11
3 3 0 5 3 5
2 12 2 2 2 7 5 9 5 12 12 0 12 15 12 17 12 17
4 4 4 0 6 4
5 5 5 5 0 7 5 7 8 7
2 4 2 0 6 4 8 4 8
3 3 0 3 6 3
3 3 10 3 3 7 3 9 7 0 12 10 12 15 10 10
3 3 0
3 3 0
0 3 1 3 6 4 6 9 6 11 9 11
2 0 2 5 2 7 2 7 8 9 12 9 12 12 14 17 15 19 17 15 22 15 22 22
3 3 0
3 3 0
3 3 0
2 0 2 3 6 4 6
6 3 1 6 6 0 8 6 8 11 8
4 4 4 0 4 4 6 6
2 0 2
2 0 2 5 3 3 8 3 3
3 3 6 6 6 0 6 9 7 11 9 11 14 9 14
2 0 4 2 4 5 6 4 10 8 10 13 11 10 14 14
0 5 4 5 1
2 9 4 2 9 9 6 9 0 9 12 10 12
2 5 2 5 0 5 6
2 0 4 2 4 5
2 0 5 5 2 5 6 7
4 4 4 0 4 5
2 0 4 5 2
5 1 5 5 0
4 4 4 0 4
2 4 4 0
2 0 4 2
3 3 0 5 3 5
3 3 0 5 3 5
3 3 0 5 3
3 3 0
4 4 4 0 4
0 3 1
2 0 4 2 4 7 2 7 10 7 13 13 2
2 0 4 2 6 2 6 9 7
2 5 4 5 0 5
2 0 5 5 2 5 2 7
3 3 0
2 0 2
2 0 2 3
2 0 2
3 3 0 5 3 5
2 5 5 5 0 5
2 8 4 2 6 2 8 0 8 11 8 11
2 13 2 3 4 7 5 7 10 13 13 13 0 13
2 6 4 6 6 0
2 4 4 0
0 1 2 5 3
2 6 4 2 6 0
2 0 2 5 2 7 5
3 3 0
2 0 4 2
3 3 0 3
2 0 4 2 4 7 4 7
2 0 2 3
3 3 0 3 6 3 6
2 0 2
4 4 4 0
2 18 2 5 3 7 3 11 11 11 7 11 14 12 18 18 18 0
4 4 4 0 6 4
3 3 0
3 3 0
3 3 0 3
0 1 2 3
4 4 4 0 4 5 8 6 8
2 4 4 0 6 4 8 4 10 8 4 13 11 16 16 11 18 11 18 21 19
3 1 0 3
3 3 0 3 6 4 6 9 3
2 4 4 0 6 4 6
2 0 2 3 4
5 5 5 5 0 5 6 7
8 3 1 5 1 5 8 0 10 8 12 10
6 3 1 6 6 0 8 6 8
2 0 4 2 6 4
2 4 4 0 4 5
3 3 0 5 3 5 3
3 3 0 5 3 7 5
3 3 0 3 7 7 3 7
2 0 2 3 7 7 4
5 1 2 5 0
2 0 4 2 7 7 4 9 7 9 12 4 14 12
3 3 0
2 0 4 2 4 5 2 9 7 7 10 11 15 12 14 14
2 4 4 0 4 7 5 9 7 11 7
0 3 1
4 4 4 0 4
3 1 0 5 3
4 1 1 0 6 4 6 9 6 4
3 3 8 5 8 5 8 0 10 8
3 3 0 5 3 7 5 9 7
3 3 0 3 4 4 4 9 7
3 3 8 8 4 8 8 0 8
3 1 0 3 4 4
2 0 2 5 2 8 8 5 8
2 0 2
2 0 2 5 3
6 3 1 3 6 0 6
2 0 2 6 6 2 6
3 3 0
2 0 5 5 2 2
3 1 0
3 3 0
7 3 1 5 3 5 0 7 11 11 7
2 7 7 3 3 7 0
3 3 0
2 0 4 2 6 4 8 2 11 11 8
8 1 2 5 1 5 8 0 8 9 12 10 12
4 4 4 0 6 4 10 6 8 8 12 8
5 3 5 5 0 7 5 5 10 8 12 10 12 13 16 14 16 20 20 16 22 20
8 1 1 5 1 5 8 0 10 8 12 8 12 12 16 8 18 16
3 3 0 3 6 3 8 3 8 9 12 3 15 12 14 14 18 16
5 1 1 5 0 5 9 9 5 9
5 1 5 5 0 5 8 6 10 8 10 11 11 15 10
10 4 4 1 6 4 8 6 8 0 10 16 15 15 16 11 16 16 20 16
2 0 2 5 2 5
6 1 1 3 6 0 8 6 8 11 6 13 6 13 14 15
2 6 4 6 6 0 6 7 8 11 7 13 11 15 11
3 3 0 5 3 7 5
2 0 2 3 6 3 6
3 3 0 5 3 5 8 5
2 16 4 16 4 5 8 5 8 11 5 11 16 13 16 0 16 19 16 19 23 23 16 25 23 27 25
2 0 2 6 6 2 6
0 1 1 1 4 7 5 9 5 9
3 3 0
3 3 0 5 3
2 7 4 2 2 7 0 7 10 8 10 13 10 13 16 13 18 16 20 18 22 7 24 22 26 24 28 7 31 31 28 33 28
2 0 2 3
8 1 1 3 4 8 6 0
3 3 9 9 4 7 4 9 0 9 10 11 14 11 14
2 13 2 5 3 5 6 6 10 8 12 10 0 15 13 15 16 16
2 0 4 2 2 5 6 6 10 5 10 13 2
8 3 1 3 8 8 8 0
2 0 5 5 2
0 1 4 1 4 7 4
2 5 2 5 0 5 8 6 8
0 1 1 3 6 3 6
2 0 4 2 4 5 5
2 0 4 2 6 4 8 6
2 0 4 2 6 4 8 4 8 11 4 13 11
2 0 2 5 3 5 2 9 2 11 9 2 14 12 2 2 2 19 2 19 19
2 0 4 2
0 1 1 1
2 19 4 2 6 4 8 6 4 13 13 13 4 15 13 19 19 19 0 19 19
3 3 16 3 6 4 6 9 6 11 9 11 11 16 16 0
3 3 0 5 3
2 0 4 2 4 2 2
2 0 4 2 6 4 6 9 4 9 4 4 14 12 14 15 15
2 4 4 0
2 0 4 2
9 3 1 9 6 4 9 9 0
2 3 0 3
2 4 4 0 4 4
2 7 4 2 7 5 0 7 8 13 13 13 7 13
2 4 4 0 4 7 5 7 7 9
4 4 4 0 6 4 6 6 8 11 4 11 14 11 14 17 15 19 17 19
6 3 1 6 6 0 9 9 6 9
7 1 1 1 4 5 0 7 8 12 8 11 11
6 1 1 6 6 0
6 3 1 5 3 8 6 0
4 1 4 0 6 4 6 9 4 9 12 9
6 1 2 6 6 0 6 7 8
6 1 4 2 6 0
6 3 1 3 6 0 8 6 8 9
9 1 5 2 4 4 6 9 0 9 13 13 9
2 3 0 3 3 7 5 5 5 11 9
2 10 2 5 3 7 3 9 10 0 10 13 10
4 4 4 0 6 4 9 6 8 8
2 11 2 3 4 7 3 11 11 11 0 11 14 11
2 0 4 2 6 4 6 9 2 11 9 11
3 3 0 3 7 7 4 9 7
2 8 2 8 8 8 8 0
4 1 4 0 6 4 8 4 10 4 12 10 14 12 16 14 19 19 10
6 6 6 5 6 0 8 6 8
2 10 2 5 3 5 10 10 10 0 10 13 10
0 3 1
6 6 2 6 6 0 6 7 10 7 12 10
4 1 4 0 4 5
0 3 1
6 1 2 6 6 0 8 6 8 9 12 6 12 13
2 12 2 12 6 4 8 4 8 12 12 0 15 15 12 15 18 15 20 18 20 23 21 25 18 25 26 26
8 3 1 5 1 5 8 9 0 11 9 11 14 11
3 3 0 3 6 3 6
4 1 4 0 6 4 6 9 4 11 9 11 11 9 16 14 16
5 1 2 5 0 7 5 10 10 5 12 10 12 15 10 17 10
2 12 2 5 12 7 12 7 10 12 12 0 14 12 14 14 18 14 18 18 20 14 22
2 0 2 5 3 5 6
3 3 0 3 6 4
3 3 0 6 3 5 5 7 8 8 12 8 12 15 12
8 1 4 2 4 8 8 0 10 8 12 8 12
3 3 0 3 6 4 6 7
3 3 0 5 3 5 8 5 11 8 10 10 15 15 12 15 16 17 17
6 6 6 5 6 0
3 3 0 5 3
2 10 2 3 3 5 8 6 10 0 12 10 10 15 13 15
6 1 6 6 6 0 6 9 6
3 3 0 3 4 4 6 9 6 3 10 13 10 15 13
3 3 0 3 6 4 6
2 4 4 0 4 5 8 6 8 5 5 5 5 5 5 5 5 5 5 5 22 20 22 25 22
2 4 4 0
4 4 4 0 6 4 8 6 10 8 6 11 15 15 12 15
6 3 1 6 6 0 6 7
3 3 0
4 1 4 0 6 4 6 10 10 6 12 10
4 4 4 0
6 3 1 3 6 0 8 6
8 3 1 3 4 8 8 0
2 0 6 3 3 2 2 9 2
4 4 4 0 4 5 6 9 7 9
2 0 2 5 3
4 1 4 0
4 1 4 0 6 4 9 9 4
0 3 1 3 6 1 6 9 6
3 3 0
4 1 4 0
5 1 5 5 0 5 6
3 3 0 3 4
2 0 2 3 6 2 6
4 1 4 0 7 7 4 4 10 8 10 4 14 12 16 14 18 16 18
4 1 4 0
3 1 0 3 6 3 6 7 10 7 10 14 14 7 16 14 14 24 24 24 23 23 24 14 26 24 28 24
3 3 0 3
5 1 5 5 0
2 0 2 3 2 7 5 7 10 2 12 10 12 16 16 2 18 16 20 16 20 16 24 22 24 24 26 26
2 13 2 3 6 4 8 6 8 13 10 13 0 13 14 17 14 19 17 23 23 23 17 25 23 27 23 27 28 31 23 31
2 0 2 3
2 0 5 2 4 4 6 7
4 1 4 0 6 4 6
10 4 4 1 6 4 10 7 10 0 12 10 14 12
3 3 0 3
9 1 1 1 6 4 6 9 0 9 12 9 12
3 3 0 3 3 5 5 7 3 11 9 11 15 15 11 15 3 17 20 17 3 21 24 22 21 21
2 0 4 2 4 7 5 7 5 5 10
5 1 5 5 0 7 5 7 10 7 12 7 12
3 3 0
6 1 2 6 6 0
3 3 0 5 3 5 8 5
3 3 0
2 0 2 6 6 2 8 6 10 8 10
2 11 4 2 4 5 11 7 7 11 0
4 4 4 0
3 3 0 3 4
3 3 0
7 3 1 5 3 7 0 7 8
9 1 4 2 6 4 6 9 0 11 9 11 9 15 13
2 4 4 0
0 3 1 5 1 7 5
3 3 6 5 3 0 6 7 11 11 7 11 12 12 12 17 15 19 11 21 19 21 24 22 24 11 28 26
2 0 4 2 4
4 1 4 0 4 5 4 9 7
7 1 1 3 7 7 0 10 7 9 9 15 11 13 13 13
4 4 4 0 6 4 8 4 8
2 5 2 5 0 7 5 7 10 5 5 11 11
4 1 4 0 6 4 6
3 3 6 6 6 0 8 9 6 11 6
2 0 4 2
2 9 2 5 2 5 9 9 0
5 5 4 2 0 5
3 3 0 3 4
8 1 4 2 8 8 8 0 11 11 8 13 11 8 14 17 14 17 20 17 23 23 20 26 26 14 29 29 26 29 30 30 34 29
2 0 2 2 6 4 6
3 3 4 0 4
2 3 0
3 3 0 3 4 7 5 9 7
2 0 4 2 6 4 8 4
2 0 2 3
3 3 0
3 3 0 3
2 0 2 3 6 2
2 0 4 2 4
3 1 0
2 4 4 0 4 4 6
2 11 2 5 2 5 8 5 8 11 0 11 12 15 12 15
2 3 0 5 3 7 5 7 10 5 10
0 3 1 5 3 8 8 5 10 8
2 0 4 2 6 4 4 9 7 9 12 10 14 12 16 10
2 0 2
0 3 1 1
2 0 5 5 2
3 3 14 5 3 5 8 5 8 11 8 14 14 0 14 15
5 1 2 2 0 5 6 6 10 5 10
2 0 4 2 2
5 4 4 5 9 7 5 9 0 9 12 10
4 1 4 0 6 4 6 10 10 4 10 11 11
3 3 0
2 8 5 5 2 8 8 0 8 12 12 8 12
3 3 0 5 3 5 6
2 8 4 2 4 7 4 0 10 8 10 11 12 15 11 15
9 1 2 5 2 9 9 9 0
2 6 2 2 6 0 6 6
3 3 0
7 1 5 5 1 7 0 9 7 12 12 9 12
3 3 0 3
2 0 4 2
2 0 5 5 2
3 1 0 3 7 7 4 9 7
7 1 4 1 4 7 0 9 7 7 10
4 1 4 0 6 4 4 7 8 11 7
0 3 1 5 3 1 1 1 8 11 8
8 1 4 1 4 8 8 0 8 11 8 11
3 3 0
4 4 4 0 7 7 4 7 7
2 7 4 2 2 7 0
2 7 2 2 2 7 0 10 10 7 13 10 12 12 14 18 18 7 18
0 3 1 3
2 0 4 2
0 3 1
0 3 1
5 1 5 5 0 7 5 7
3 3 9 5 6 3 9 9 0 9 12 10 12
0 1 1 5 3
9 4 1 3 3 9 9 9 0 11 9 11 12
2 0 2 3 6 4
3 3 0 5 3 7 5
3 3 0
2 0 2 5 2 7 5 11 11 11 2
9 3 1 3 9 9 9 9 0
5 5 5 5 0 7 5 5 8 8 10
2 18 4 18 4 8 8 4 8 9 10 10 14 10 14 18 18 0
3 3 0 5 3
8 1 2 5 1 8 8 0 8 8
2 8 4 2 6 4 6 0
2 0 4 2
6 3 1 3 6 0 6 10 10 11 7 13 11 15 11 15 15
2 10 2 5 10 5 8 5 10 0 12 10 14 10 14 10 16 17 17 21 17
10 3 1 10 10 7 10 9 10 0 10 10 12 13
2 9 2 5 2 9 9 9 0 9 9 11 14 11
3 3 0 3 4
2 0 2 3 3 3 8 6
6 6 6 6 6 13 6 13 8 11 8 13 0
2 0 2 3 3 5 5
2 6 4 2 6 0 6 7 10 7 10
2 8 4 2 2 8 8 0 8 11 8 13 11
2 0 4 2
2 11 2 5 2 7 11 7 11 11 0
2 11 4 2 6 2 6 11 11 11 0 14 14 11 14 17 11 17 18 18
2 0 2 2 4 2
3 3 0 3 6 4
4 4 2 0 6 4
2 11 2 6 6 7 11 7 10 7 0 11 15 15 12
3 3 0 5 3 7 3 3
2 0 5 5 2
0 1 4 2 4
10 1 4 1 7 7 4 10 10 0
8 8 4 2 4 8 8 0
3 3 0 3 4 7 3 7 8 12 12 3 12 13 13 18 18 12 20 18 20 24 24 21 24 27 24
3 3 6 6 6 0 8 6 10 6
4 4 4 0 7 7 4 10 7 9 9 14 14 4 14
3 3 0
3 3 0 3 7 7 3 9 7
4 4 4 0 4 7 5 9 4 9 10
3 3 4 0
4 4 4 0 7 7 4 9 4
0 1 1
2 10 2 5 3 7 5 10 10 0 14 14 14 10 14 14 18 14 20 18 20
2 0 2 3 8 8 8 2
3 3 0 3 6 4 8 6
3 3 0 3 7 7 4 7 7 11 9 11
2 0 2 3 6 4 8 4 4 11 4 14 14 11 17 17 11
2 4 4 0 4 7 4 7 10 7
3 3 6 6 6 0
4 4 4 0 4
5 1 5 5 0 5 6
5 3 1 5 0 7 5 10 10 7
3 3 0
3 3 0
3 3 0
6 3 1 6 6 0 6 9 7 11 9 7
2 7 2 7 4 7 0 7 11 11 7
9 1 2 5 3 7 3 9 0
3 3 0 3 4 3 6 6 6 9 10 13 11
2 7 7 7 7 7 0 7 8 8
2 7 7 3 7 7 0 9 7 11 7 13 7 15 13 15
3 3 0
2 0 2 5 3 7 5 9 5 9 9 13 9 13
2 0 4 2 4 7 4 2 8 2 13 13 10 17 16 17 13 17 2 19 22 19 22 25 22 25
3 3 0 3 4 8 8 5
4 4 4 0
2 12 2 6 12 5 8 5 12 12 12 0
3 3 0 6 6 3
4 4 4 0 6 4 4
3 3 0 5 3 3
8 4 4 1 6 4 6 0 8 11 8
2 9 4 9 6 4 9 9 0 11 9 11
6 1 6 6 6 0 8 6 10 8 12 6
5 3 1 5 0 7 5 5
2 0 4 2
8 3 1 1 1 5 8 0 8 11 8 11
2 7 2 7 7 7 0 7 7 11 9 13 9 13
2 9 9 3 3 9 9 9 0 15 12 9 14 12 12 17 12 17
5 1 2 5 0
2 0 4 2
12 3 1 5 3 12 6 9 6 12 12 0
2 6 6 6 6 0 9 9 6
2 3 4 0 4 7 4 7
4 4 4 0 4 7 5 9 7
3 3 0 7 6 7 3
2 4 4 0 6 4 6 7
2 5 5 5 0 8 5 7 7
2 6 2 6 6 0
6 1 4 2 6 0 6 7 6 13 12 13 9 13
3 3 0 3
6 1 6 6 6 0 8 6 8 9 12 10 12
2 0 5 5 2 7 5 7 7 7 10 10
3 3 0 5 3 5
3 3 0 5 3 5 9 9 3 11 9
3 3 0 5 3
2 0 2
5 5 5 5 0 5
3 3 0 5 3
2 5 2 5 0
3 3 0
2 5 5 5 0 5 8 6 10 8
2 5 5 5 0 5 11 10 10 11 6 14 14 5 16 14 18 5 18
3 3 0 5 3 7 3
6 1 1 6 6 0 6
2 5 5 5 0 5 5 9 7
2 15 4 15 4 7 15 7 10 7 10 13 10 15 0 15 16 16 15 21 19
2 7 7 3 7 7 0 7
2 4 4 0 7 7 4 9 7 11 7 4 12 12 16 4
2 0 2 6 6 2 6 7 7
2 12 4 2 6 4 12 7 7 12 12 0 14 12 14 15
2 0 2 3
2 7 2 7 7 7 0
7 7 7 7 4 7 0 7 8 11 7
2 7 2 3 3 7 0 7 8 12 12 13 8 15 7
3 3 0 5 3 7 5 9 3 9 14 13 10 13 13 15
10 4 4 10 4 7 5 7 10 0 10 11 12
2 4 4 0 6 4
12 3 1 3 12 7 5 9 5 5 12 0 12 13 16 13 16
2 0 4 2 6 4 6 9 4 11 9 11
2 9 2 9 4 4 4 9 0 12 12 9 14 12 16 14
2 7 2 3 7 7 0 7 10 8 8
3 3 5 5 0 5 8 6 8 11 8
3 3 6 6 6 0 6 9 6 14 13 13 14 9 17 9 16 16
2 3 0
3 3 6 6 6 0 6 7
4 4 4 0 6 4
8 1 1 3 3 8 8 0
4 4 4 0
3 3 0 3 4 5 6 9 6 9 10 10
3 3 10 10 4 7 10 7 10 0 12 10 10 16 16 13 16 17 17
3 3 4 0 4 4 6 9 6
5 3 1 5 0 7 5 7 5 5 12 10
4 4 4 0
4 4 4 0 6 4 6
6 1 4 2 6 0 9 9 6 6
4 4 4 0 4 5 5 7 7
2 5 5 5 0
5 1 5 5 0 7 5 7
4 4 4 0 6 4
8 1 4 1 4 5 5 0 11 11 8
3 3 0
3 3 7 3 7 7 0 7 10 7
3 1 0
2 0 2 5 3 5 6 5 10 5 10
0 1 1 3 6 4
3 3 0 3 4
0 1 2 5 2
5 5 5 5 6 0 8 6 8 8 8 11 14 12 14 19 14 17 17 21 17 21 25 25 6 27 25
0 1 5 2 4 7 4 7 11 11 3 11 12 12
3 3 0 3 6 4 6 9 7
2 0 2 5 3 8 8 2 8 11 8
4 4 4 0 6 4 6 9 4 9 10 13 10 13 14 9 18 9 18 21 19
2 3 0 3 4 4 4 7
3 3 0
3 3 0
2 6 6 6 6 0 8 6 8
2 6 2 6 6 0
2 0 2
2 0 4 2 4
2 7 2 5 7 7 0 9 7 11 9 13 11 15 13 15 16 17 17
2 0 2 5 3 5 8 6 10 8
3 3 0
4 4 4 0 7 7 4 9 7 9
3 3 0 6 6 3 3 9 3 9 12 10
4 4 4 0 6 4 6 6
4 4 4 0
2 5 4 2 0 5 6 10 10 6 12 5
2 4 2 0 4 4 6
4 4 4 0 4 5 6 7 10 6
4 4 4 0 6 4
3 3 0 3 3 5 6 6
3 3 0 3 6 4 6
3 3 6 6 6 0 8 6 10 6 10 13 10
4 4 4 0 6 4 9 9 6 9 10 10
3 3 0 3
4 4 4 0 6 4
3 3 16 5 3 5 6 9 6 16 10 11 12 16 16 0
2 5 5 3 0
3 3 0 5 3 7 3 7
2 0 2 5 3 8 8 5
4 4 4 0 6 4 8 6
2 0 2 7 6 7 2 9 7
3 3 0 5 3 7 5 7 10 5 12 10
2 19 4 2 4 4 6 6 4 14 13 13 14 9 16 14 19 19 0
2 0 2 2 4 7 5 7
6 6 4 6 6 0
2 7 4 7 7 7 0
32 1 6 6 6 1 8 6 10 8 12 8 12 6 17 17 6 17 17 22 22 19 19 23 26 19 26 26 28 28 32 0 35 35 32 35
2 4 4 0 4 5 6 9 7 11 7
2 0 4 2 4 2 6 10 10 7 12 6
4 1 4 0
2 0 4 2 4 8 8 2 8 11 9 13 8
0 3 1 5 3 1 9 9 6 6 10 10 6 13
7 1 1 3 3 7 0 7 8 9 8 13 11 15 13 15 18 15 18
2 0 2 3 3
2 10 4 2 6 10 6 6 10 0
2 3 0 3 6 4
2 4 4 0
2 0 4 2
2 0 2 5 3 7 3 10 7 9 9 13 11 15 13
3 3 0 5 3
3 3 6 6 6 0 8 6 6 9 6 11 16 15 16 11 16
4 4 4 0
4 1 4 0 4 7 5 5 8
0 1 4 2 4 5 8 5 8 12 12 8 12
6 3 6 3 6 0 6 9 7 11 7 13 11
7 1 4 1 4 7 0 9 7 9 12 10 14 10 14
4 1 4 0 6 4 4 9 7 11 9 13 7 13 16 14
3 3 0 3 6 4 8 6 6 11 9 13 11
3 3 0 5 3 7 5 7
3 3 0 5 3 5
2 0 2 3 7 7 2 7
3 3 5 5 0 5 6 7 8
2 5 5 5 0 7 5 9 5 11 9 13 5 13 14
2 4 4 0 4 8 8 4 8 4 4 13 11 11 14 15 15 19 15 19
2 6 2 6 6 0
2 0 4 2 2 5
2 4 4 0 6 4 6
0 1 4 1 4 11 8 1 10 8 8 13 8 15 13 13 18 16
7 1 4 1 1 7 0 7 8 7
2 0 5 5 2 5 8 6
4 4 4 0 4 7 4 7 8
7 1 7 7 7 7 0 9 7 11 7 11 14 12
15 1 4 1 6 4 8 4 8 11 1 11 12 15 0 15
3 3 0 6 6 3 6 9 7
2 0 2 5 3 5 8 5 8
2 4 4 0 6 4 8 4 8
2 0 4 2 6 4 8 4 8
3 3 0 5 3 8 6 5 10 3 10
3 3 0
3 1 0
3 3 0 3
2 0 2
3 3 0
7 3 1 3 7 7 0
2 0 4 2
2 0 4 2
2 0 5 5 2 5
2 14 2 5 3 5 6 9 14 11 9 14 14 0
8 1 1 3 4 8 8 0 10 8
3 3 0 5 3
2 0 4 2 6 4 6
4 1 4 0 6 4 6 9 6
4 4 4 0 4 5 5 7
2 5 5 5 0 5
2 4 4 0 6 4
0 3 1 5 3
2 0 6 2 4 4 4 9 7
7 1 4 1 7 7 0 7
7 1 1 5 1 7 0
2 0 4 2 6 4 6 9 2 11 2 14 14 11 14 17 14 17 14 19
2 0 2 2 4
2 7 5 5 7 7 0
2 5 2 5 0 5 6 10 10 6
7 1 2 2 7 7 0 10 10 7 13 13 10 13 16 10 18 10 21 21 18 23 21 25 23 23
3 3 0 5 3 3 8 6 11 8 10 10 15 15 12 17 6 19 17 21 17
3 3 17 17 6 4 8 4 8 8 4 4 12 12 17 17 0 20 20 17 17 23 21 25 23 23
2 0 4 2 4 2 8 6
3 3 0 5 3
2 0 2 3 6 2 6 7
2 14 4 14 7 7 4 7 8 11 9 11 14 0 16 14 16 19 14 21 19 21 24 19 24 25 28 25 25 32 32 19 32 35 33 37 33 37 38
7 1 1 3 7 7 0
7 3 1 7 7 7 0 9 7 9
3 3 0 5 3 5 6
5 3 1 3 0 5 6 9 5
2 6 6 6 6 0 6 9 6
10 1 1 1 7 7 4 9 7 0 13 13 10
2 4 4 0 6 4 4 9 10 7 13 13 10 13 13 15 19 19 16 19
2 4 4 0 4 5 8 5 11 11 4 11 12 15 11
0 3 1 3 6 3 1 7
13 1 1 3 6 4 8 3 10 8 10 13 0
3 3 0
0 1 2 3 3 5 10 10 10 2
3 3 0 5 3 8 8 3
4 4 4 0 6 7 4
3 3 0
8 1 2 2 8 7 8 0
2 0 2 2
3 3 0 5 3
2 0 2
7 1 1 1 4 5 0 7 8 9 12 8 12 15 13 15 18 15 7
0 3 1
0 1 4 2 2 5
3 3 0 3 7 7 3
12 3 1 5 3 7 5 9 5 12 12 0 14 12
8 1 4 2 4 7 4 0 10 8 12 10
2 3 0 3
3 3 0
4 4 4 0 6 4 6 9 4 12 12 4 14 12 12 18 18 15
6 1 6 6 6 0 15 6 10 8 8 14 14 11 8 8 18 16 20 18 20
2 10 2 5 2 7 5 10 8 0 12 10 12 12 16 10 18 16 20 16 24 23 16 23 23
3 3 6 6 6 0 6 6
14 1 1 1 4 4 8 6 8 11 8 11 14 0 16 14 20 19 14 19 19 23 21
3 3 0
2 7 7 3 7 7 0
2 10 2 5 3 7 5 10 8 0 12 10 12 13 17 17 13 19 17 19 22 17
2 3 6 6 6 0 8 6 6 9 12 10 14 12 16 14 20 19 10 19 19
7 1 1 6 6 3 0 7 8 13 13 13 9 15 13 17 13 20 20 13
2 8 4 8 4 8 8 0
2 0 4 2 6 2 6
3 3 0 7 3 5 5 9 5 9
2 12 4 2 6 4 8 6 8 12 12 0 15 15 12 17 12 17
4 1 1 0 4 7 5 7
2 3 0 3 4 5 9 5 8 11 8 13 11 5 5 17 15 17 20 18 20
2 3 0 5 3 5 8 3 10 8
2 0 4 2 2 5 8 5 8 2 10 11 14 12 16 11 18 19 16
2 0 2 3 3 5 8 2
3 3 0
2 0 4 2
3 3 0 3 7 7 3
3 1 0 3 4 4 8 6 10 6 12 10 12 16 16 10 16 20 20 16 22 20 22
2 0 2 5 3
2 9 2 5 3 5 9 9 0
4 4 4 0 8 8 8 4 8
2 7 7 3 7 7 0 9 7 9 9 13 11 15 13
4 1 4 0 7 7 4 9 7 12 12 9 14 12 14 12
4 4 4 0 6 4 8 9 4
4 1 4 0
5 5 5 5 0 7 5 7
2 0 2
2 0 2 5 2 5 5 9 5 9
4 4 4 0
2 0 2 6 6 3 8 6 10 6 10
2 5 2 5 0 5 6 6 8 11 8 13 11
3 3 0 6 6 7 3 9 7 9 12 3 3 13
3 3 0 3 4 7 4
0 3 1 3 3 7 5 14 11 11 14 11 11 1 16 14 18 14 18 21 14 21
2 0 2 5 2 7 5
4 4 4 0 7 7 4 7 7 11 9 13 9 13 16 13
3 3 0
3 3 0
2 9 9 5 9 7 5 9 0 9
4 4 4 11 11 5 8 5 8 11 0
3 3 0 5 3
3 3 0 3
4 4 4 0 6 4 6 6 10 8 12 8
17 1 2 5 1 5 8 5 1 1 12 10 14 10 17 17 0 17 17 21 17 24 17 23 23 27 25 30 30 17 30 34 34 30 34 34 38 36 40 34 40 44 44 34 44 45 48 45
2 8 2 8 6 4 8 0 11 11 8 8 8 13
5 3 1 5 0 5 8 6 8 11 6 11 14 11
3 3 0 3 6 4 3 7 10 8 10 14 14 7 16 14 19 19 7 19 20 21 24 20 24 25 28 25 28
2 10 6 6 6 2 10 7 10 0 10
2 0 2
3 1 5 5 0 7 5 7
2 4 4 0 6 4
2 3 0
2 0 6 3 3 2 8 6
4 4 4 0 6 4
3 3 0 5 3 5 8 3 8 3 12 10 14 12 14 3 18 16 21 21 16 16 22
2 0 2 5 3
5 3 1 3 8 8 8 0 10 8 12 8 16 16 16 8 18 16
10 1 2 2 6 2 1 7 10 0 10 13 10
3 3 0 3 6 4 4 7 11 11 4
3 3 0
3 3 0 3 6 4 8 3 8 9 13 13 10
4 1 4 0 6 4 8 4 11 11 8 13 11
4 4 4 0 6 4 6 7
0 1 1
2 0 2 5 2 5
0 1 1 3 3 5
3 3 0 5 3 7 3 7 8 8
2 0 2 3
2 12 4 2 6 4 12 7 7 9 9 0
3 3 0 5 3
9 4 4 1 9 5 5 9 0
3 3 0 3 6 3 6
2 0 2 3
5 1 5 5 0
4 1 4 0 4
4 4 4 0 6 4
2 0 2 6 6 2 8 6 10 8 8 6 12 15 12
2 0 2 2 4 7 4 4 4 11 9
2 5 5 5 0 5 6 9 7 9 9 11 12 13 13 6 6 17
4 4 4 0 4 8 8 5 10 5 10 13 10 10 10 17 15 19 17 19 19
4 1 4 0 6 4 8 6 6 11 9 11 4
2 0 5 5 2 2 8 2
4 1 4 0 6 4 8 4 10 8 10 14 14 4 16 14 18 16 18 21 18 21 14
2 0 5 5 2
7 1 4 1 7 7 0
2 0 2 3 6 3
3 3 0 3 3 8 8 5 10 8 12 10 8 15 13
2 0 5 5 2
2 12 2 12 6 4 6 9 4 12 12 0 14 12 14 15 18 16 18
9 9 5 2 4 4 6 9 0 9 12 9 12 13
2 4 2 0 4 8 8 5 5 11 5 14 14 11 11 17 11 17 17
2 0 2
2 8 4 2 6 2 8 0
2 5 5 3 0 7 5 5 8 8 10
3 3 0
7 1 1 3 7 7 0 7 8
2 0 2 5 2 5
4 4 4 0
2 5 5 5 0 7 5
2 4 4 0
3 3 0 3 3 7 3
2 8 2 5 3 5 8 0 10 8 10 13 11 13
2 4 4 0 4
2 0 2 2
3 3 0 3 3 5 5 10 10 7
2 0 4 2 4 2 6 9 6 9 13 13 2 13 16 2 20 20 20 16 16 23 16 23
4 1 4 0 4 5
2 0 2 5 3
2 0 2
2 0 2
2 0 2 3 6 3
8 1 1 5 3 5 8 0 8 11 9 13 11 15 13
3 3 0 5 3 5 8 6 10 6
2 0 2 2 4
6 3 1 3 4 0 6 7
2 0 2 3 6 2 6 9 7 9
4 4 4 0 6 4
2 4 2 0
2 0 2 3 6 4 6 9 6 6 12 10 12 15 10 17 15 15 18 18
2 5 2 5 0 7 5 9 7 9
2 10 8 2 6 4 4 4 4 0 13 13 10
2 3 0 3
2 0 2 3
2 9 2 5 3 9 6 9 0 11 9 11 14 11 16 14 14 19 14 22 22 9 24 22 26 24
2 3 0 5 3
2 6 2 6 6 0
2 0 2 3
2 0 2 5 3 7 5 7 8
4 4 4 0 4 8 8 4 10 8 12 10
3 3 0 5 3
2 3 14 5 3 7 3 7 8 8 14 14 14 0 14
2 0 5 5 2
13 3 1 1 10 4 8 6 8 6 6 11 0
2 0 4 2 4 7 5 10 10 7
2 27 2 2 7 4 6 6 8 11 9 13 11 15 11 15 16 19 4 21 19 21 24 22 27 27 0 27 30 27
3 3 0 5 3 7 3 7 8 8 13 13 10 16 16 10 16 19 16 21 19 24 24 21
5 5 5 5 0 8 8 5 11 11 8 5 12 15 5 17 15
8 3 1 3 1 7 5 0 8 11 8 13 8 13
6 1 4 2 6 0 8 6 10 6 10 13 10
0 1 1 3 7 7 4
3 3 0 3 6 3
2 0 4 2 2 7 5
8 3 1 3 4 8 8 0
2 0 5 5 2 7 5 9 7 2 10 13 11 16 16 2 16 19 16 21 19
3 3 0 5 3 5
5 1 1 5 0 5
9 1 4 2 4 7 2 9 0 12 12 9 12
2 4 4 0 4 7 5 7 10 4 10
3 3 0 3 6 4 8 4 8 11 4 14 14 11 16 14 14
3 3 8 8 4 5 8 0 10 8 8 11 11 8
4 4 4 0 4 5
3 3 0
2 0 2 5 3 7 5
3 3 0
0 1 1 1
3 3 0
3 3 0 5 3 5 3 7 8 11 8
3 3 0
2 5 5 5 0 7 5
2 0 2 5 3 7 5 3 10 8 12 10
2 17 5 5 17 7 5 10 10 5 10 11 12 15 11 17 0 20 20 17 22 20 25 25 22 25 28 25 30 28 30
2 5 5 5 0 7 5
4 4 4 0 6 4 8 4 10 8 10 11
4 1 4 0 7 7 4 7 10 7 12 10
4 4 4 0 6 4 8 6 8
2 0 2 2 4 4 8 2 10 8 12 8 12
3 3 0 3 6 4 6 6 6 11 9 13 11 13 13 17 15 19 15 15 15 21
3 1 0
0 3 1 5 3 5
2 0 2
2 0 2 3
3 3 0 3 6 4 6
2 0 2
0 3 1
0 1 4 2 6 4
2 0 5 5 2 5
2 0 2
5 1 5 5 0 5 6 6
2 0 2 3 7 7 2
2 0 2 5 3 7 5
2 4 4 0
4 4 4 0
2 0 2
7 1 4 1 7 7 0 9 7 11 9 9 15 15 7 15 18 16 18 21 18 21
3 3 0 3 6 4 10 10 10 3
7 1 4 1 1 7 0 7
13 3 1 3 8 7 8 3 8 11 8 13 0 13 17 17 14 19 17 21 19
4 4 4 0 7 7 4 9 7 9
2 0 2 3 6 4 8 6 8 9 12 8 12
3 3 0
2 19 4 2 6 2 6 9 2 9 10 11 11 15 19 15 19 19 0
5 5 2 2 0 5 8 6 11 11 6 13 11
13 3 1 3 6 13 6 9 6 9 6 13 0
4 1 4 0
2 0 2 5 3 7 5 7 2 9 9 11 12 12
6 3 1 6 6 0
8 3 1 5 1 1 8 0 8
6 1 6 6 6 0
2 0 4 2 6 2 9 6 8 8 10 10
4 4 4 0 7 7 4
2 7 2 7 4 7 0 7 8 11 8 11
2 5 2 5 0 5
5 1 4 1 0
2 0 4 2 4
4 4 4 0 4 7 4 7
2 0 2 2 4 5 6 6
5 5 5 5 0 7 5 9 5 9
2 5 5 5 0
2 0 4 2 6 2 9 9 6 11 9
5 1 1 5 0 5
5 5 5 5 0 5 6 9 5
13 13 2 3 6 3 8 6 10 8 13 13 0 15 13 15 18 16 18 16
5 1 5 5 0
3 3 0 5 3 5
9 1 4 1 4 7 1 9 0 9 13 13 9 13 14 17 14
3 3 0 3
6 1 2 6 6 0 8 6 10 8 8 11 11 15 6 15
6 3 1 3 6 0
3 3 0 5 3 7 3 7 10 8 12 10 12 12 16 14 12
12 1 4 1 4 5 9 1 8 8 12 0 14 12 14 15
7 1 4 1 4 7 0
5 1 2 5 0
3 3 0 5 3 5 8 5 8
2 4 4 0 4
5 5 2 2 0 7 5 9 5 11 5 11
2 0 4 2 4
5 5 5 5 0
5 1 1 5 0 5 8 5 8 11 8
16 1 5 5 1 7 5 7 8 9 12 9 12 16 16 0 16
5 3 1 3 0 7 5 10 10 5 12 10 12
2 0 2 3
2 0 4 2 4 5 2 9 7 9 10 11 12
3 3 0
3 3 0
2 0 2 3 6 2 6 2 8 9 12 8 16 16 16 12 16 19 17
4 1 2 0 4 5 8 5
5 5 5 5 0
3 3 0
3 3 0 3 4 9 9 9 3 11 9 9 14 9 14
5 5 2 3 0 5 6
2 0 4 2 4
2 0 2 5 2 5
2 7 4 2 7 7 0
2 0 2
0 1 4 1
2 5 5 5 0 5
4 4 4 0 7 4 6 6
2 0 4 2
4 1 4 0 6 4 6 9 4 9 10 14 14 10 16 4 19 19 16
3 3 0 3 4 7 4 9 4
2 0 2 8 3 7 5 5 5 12 9 11 11
3 3 8 3 8 5 8 0 8 9
4 4 4 0 4 7 5 9 7 9
4 4 4 0 6 4 6 10 10 4
2 8 5 5 2 8 8 0 8
11 11 11 8 7 7 8 11 10 8 0 14 11 13 13 15 18 15
4 4 4 0 4 4
0 1 1 1 1 5 1 7 7
3 3 0 3 6 4 4 4 10 8
2 0 2 3 3 5
7 3 1 7 7 7 0 9 7 12 12 7 12 17 17 17 13 17 17 21 19 21 24 22 27 27 24 29 22 29 12 34 34 12 34 37 35 37
16 3 1 5 3 16 9 9 6 11 6 6 6 13 16 0 19 19 16
0 1 1 3 6 3 6 9 1
2 4 4 0 6 4 8 6 8
3 3 0 3 4 7 3 9 7 9
3 3 0 5 3 7 5 7 10 7 10
3 3 0 6 6 3 8 6 10 6
2 0 2 5 2
3 3 0 6 6 3 8 6 10 8 13 8 12 12
2 8 4 8 6 4 8 0
2 4 4 0
2 13 2 5 3 13 8 6 13 13 12 13 0
6 1 2 6 6 0 8 6
3 1 0 3 6 3 6 9 3 9 12 10 12 12 16 14 14 14 20 18
7 7 5 5 7 7 0 9 7 7
4 4 4 0
3 3 0 3 6 4 6 6 11 8 10 10 12 11 16 14 16
3 3 4 0 4 5 8 6 8 9 9 11
2 0 2 3 2 5
3 1 0
2 0 2 5 2 7 5 7 10 5 12 10
2 0 4 2 4 7 4 7
3 3 6 3 6 0 8 6 10 8 12 10 15 15 12 10 16 10 20 10 20 23 20 25 23 28 28 20 30 28
2 0 4 2 6 4
3 3 0 5 3 5
2 3 9 3 3 5 9 9 0
2 0 4 2 6 4 8 2 8
2 0 2 2 4 8 8 2 8 9 10 10
5 1 5 5 0 5 6 6 8 9
2 0 4 2 7 7 2 9 7 11 7 11 14 12 16 14
4 1 4 0 4 5 8 5 8
2 0 4 2
3 3 0 3 4 8 8 4 12 12 12 3 14 12
2 0 4 2 6 4
6 1 4 1 6 0 6
0 1 5 5 1 5 5 9 7 11 7 13 11
3 3 0 3 6 3
3 3 0
2 12 2 3 4 7 3 7 10 12 12 0 12 15 13 15
2 0 4 2 2 7 5 7 10 8 12 10 10 15 13
10 1 1 5 3 5 10 7 10 0
2 0 4 2 6 2 6 9 7 11 12 2 12
2 3 4 0 4 7 5 7 8 12 5 11 11 15 13 15
4 4 4 0 4
7 1 4 1 1 7 0
2 0 2 3 4 5 8 5 10 5
5 3 5 5 0 7 5 9 7
2 13 2 5 3 8 8 3 13 11 9 13 0 15 13 15 18 15
3 3 0 3 6 3 6 9 7 11 7
2 0 2 6 6 2 6 9 7
2 0 5 5 2 5 6 9 6 9 10 13 9
2 10 5 5 2 10 6 9 6 0
2 0 2 3 8 8 8 2
4 4 4 0
3 3 0 3
3 1 0 5 3 5
2 0 2 3 4 5 6 10 10 6
2 0 2 3
5 5 5 5 0 5 9 9 5 9 9 14 14 9
2 5 5 5 0
2 4 4 0
2 0 2 3 4 4 8 4
6 3 1 6 6 0 9 9 6 9 12 9 12
2 0 2 6 3 5 5 7
4 4 4 0 6 4 6 7
2 6 6 6 6 0 6 9 7 9
2 5 5 5 0 7 5
4 3 4 8 4 8 8 0 8 11 9
6 1 6 6 6 0
2 7 4 2 4 7 0
4 4 4 0 6 4 8 6 6 11 6
3 3 0 3 4 7 5 9 7 11 9 13 3
8 1 2 5 2 5 8 0
4 4 4 0
2 0 2 7 7 7 2
4 4 4 0
3 3 6 5 3 0 6
2 4 4 0 4
5 5 5 5 0 5 8 5 8
3 1 0 5 3 5 6 9 6 9
2 5 5 5 0 8 8 5
2 5 5 5 0
2 5 5 5 0 7 5
0 1 2 2
5 4 4 1 7 5 0 9 7 9 13 13 7 13
2 3 0 3 4 8 8 3 8 13 13 13 8
13 13 2 2 6 2 9 9 6 11 6 11 0 13 16 14 18 16 20 18
2 4 4 0 4 5 5
9 1 5 5 2 5 9 9 0
4 3 1 0
3 3 0 3 6 3 6 7 3 11 9 11
3 3 0
4 4 4 0 4 5 8 5 10 5
0 4 4 1 1 1 6
9 3 1 9 9 8 8 9 0
2 0 4 2 6 2
7 1 2 5 2 1 0 7
0 1 1 1 6 4 8 1 1
3 3 4 0 4
5 1 5 5 0 7 5 7
8 3 1 1 6 4 8 0 8 8
10 3 1 5 3 1 8 6 10 0 12 10
4 4 4 0
2 4 4 0 4 8 8 4
3 3 4 0 4 4 4 10 10 7 12 10 14 12 16 10 16
8 8 2 5 2 8 8 0
3 3 0
4 1 4 0
3 3 0
4 4 4 0 8 8 8 4
3 3 7 7 7 7 0
3 3 0 5 3 7 5 9 7 11 9
2 0 4 2
2 0 4 2 6 4
5 1 1 5 0
2 0 2 5 2
5 5 4 5 0 5 8 5 10 8
3 3 0
2 6 4 2 4 0 6 7
2 4 4 0 8 4 6 6 6 11 9 13 11 13
0 4 4 1 6 4 4 9 7
6 3 1 6 6 0 6 7 10 8 12 10
3 3 0 3
3 3 0 3 4
2 0 5 5 2 2 6
3 3 0 3 6 3 6
5 1 2 3 0 5 8 5
2 0 5 5 2 2 8 6
2 0 2
4 4 4 0
5 1 2 5 0 7 5
2 0 2 3
2 0 2 5 3 5 8 3 10 3 12 10 14 10 14
2 23 2 3 6 3 3 7 10 7 10 13 10 23 16 14 18 14 18 14 23 23 0 25 23 25 26
2 0 5 5 2
2 0 2 3 4
2 14 4 14 14 7 5 9 5 9 14 14 14 0
3 3 0 3
2 0 2 3
2 0 2
2 5 5 5 0 5 6
2 5 5 5 0 7 5 7 10 5 12 10 14 10 14
0 1 4 2 2 5
3 3 0 5 3 5 8 3 10 8 10
4 4 4 0 6 4 6 9 7 11 9 13 11 16 11 15 15
2 6 6 6 6 0 8 6 8
2 3 0
2 0 4 2 4 7 2 9 2 11 9 13 9 13
2 7 4 2 7 7 0
2 0 4 2 2 5 8 5 8 11 8 11
3 3 0 3
3 1 0 5 3 5 8 3 8
3 3 0 3 7 7 3
3 3 0 5 3 7 3 9 3 9 12 9 12 13
2 0 2 5 3 3 9 3 8 8 3 14 14 3
14 1 5 2 4 4 1 1 8 11 9 11 14 0 14 15 18 15 25 18 20 23 20 20 20 20 28 26 26 26 18 31 34 31
20 1 1 5 3 5 8 3 8 9 12 9 15 12 14 14 18 16 20 0 23 23 20 20 26 24
4 4 4 0 6 4 6 7 10 7 10 13 7 13 16 4 18 16 20 18
3 3 0 3 4 5 6 6 10 8 10 11 14 8
5 1 1 5 0 10 5 9 7 7 7 13 11 13
2 4 4 0 6 4 6
2 0 2 5 2 5
9 3 1 3 9 9 9 9 0 9
6 1 4 1 6 0
2 0 5 5 2 7 2 9 2 9 12 10 14 10 14 15 15 19 10 19 22 20 22
3 3 6 6 6 0
8 3 1 3 6 3 8 0 10 8 10
0 4 4 1 6 1 8 6 8 8 12 8 12 15 12 18 18 1 20 18
4 4 4 0 6 4 9 9 4
4 1 4 0 6 4 9 9 4
2 0 2 5 2 2 6 9 6 9 6
3 3 0
0 3 1 5 1 5 6 9 6 11 9 11 14 9 14
6 3 6 3 6 0
2 0 2 3 4
6 6 6 5 6 0 6 9 6
2 4 4 0
2 0 2 5 2 5 6 9 6 12 9 11 11 15 13 17 6 17
3 3 0 3 7 7 3
3 3 0 3 3 3
2 0 2 6 6 2 6
2 0 2
2 0 2 3 4
4 1 4 0 4 7 4 7
4 1 4 0 4 7 5 9 7 9 12 9 9 4 16 14 16 17 17 22 22 14 22 23 26 22 26 30 30 22 32 30 32 30 34 35 34 34 40 38 42 40 44 42 44
3 3 0
2 0 2 5 3
0 1 2 2 7 7 4 7 8 11 7 11 12 16 16 12
2 0 2 5 2 7 5 7
2 7 2 7 4 7 0
7 3 1 3 6 4 0 10 10 7 10
4 1 4 0 6 4 8 6 10 4 12 10
3 3 0
9 4 4 1 4 7 5 9 0 11 9 11 12 12
2 4 4 0 4
4 4 4 0 4 5
6 1 4 1 6 0 6 7 8
4 1 4 0 6 4 8 6 10 6 12 6 12
2 3 18 5 3 5 8 5 3 11 9 9 15 15 12 18 18 0 18 21 18 23 21 23 27 27 23 29 27 31 27
2 3 8 3 6 3 8 0 8 8 10 13 11 15 11 17 11 17
3 3 0 3 4 7 4 4
5 1 4 1 0 7 5 9 5 11 9
2 0 2 3 6 3
2 0 4 2 6 2
2 4 4 0 4 5 5 7 8
2 0 4 2 4 2 9 9 6 11 9 13 9 13 16 9 16 19 17 19
2 13 2 5 3 7 5 7 13 9 9 13 0 15 13 17 15 20 20 15
2 5 5 5 0 7 5 7 8
2 17 4 2 6 4 6 9 6 9 17 11 14 11 11 17 0
3 3 0
3 3 0 3 4 4
0 1 5 5 1 5
2 11 2 5 2 11 6 9 6 11 0 14 14 11 16 11 19 19 16 21 19 23 21 25 23 25
4 1 4 0 4 4 8 6 10 6 12 6 12 15 6 15 16 17 20 16 20 23 21 23 26 23 28 21 30 28 32 30 32 33 34 34 38 33 38 39
2 7 7 3 7 7 0 9 7 9 12 7 12
4 1 4 0
3 3 0 3 4 4 8 3 3 11 9 11 14 12 14 15 18 15 20 15 20
3 3 0
2 5 5 5 0 5 8 6 8
2 4 4 0 4
0 3 1 5 1 5
9 1 4 1 4 9 9 9 0 9 12 10 14 12 14 17 12 17
23 23 2 5 3 5 6 9 6 9 10 14 14 10 16 10 16 19 17 21 19 23 0 25 23 27 25 27 28 31 25 31 32
3 3 0 3 4 5 3 3
4 4 4 0 6 4 6 7 10 7 7
2 6 6 6 6 0 8 6 11 11 12 8 12 12
8 1 4 1 4 8 8 0 10 8
3 3 0
2 0 2 5 2
4 4 4 0 4 5
2 5 2 5 0 7 5 9 5 11 9
5 5 5 5 0 8 8 5 8 11 8
12 3 1 6 6 3 8 3 8 12 12 0 12 13 16 14 14 14
7 1 4 1 7 7 0 9 10 7 12 7 12 13 14 17 13 19 17
2 0 2 2 6 4 8 6
2 6 6 6 6 0 8 6 8 9
14 1 4 2 6 4 8 6 14 11 9 9 14 0
7 1 4 2 4 7 0 7 10 7 12 10 12
0 1 2 2 2
7 1 4 1 1 7 0 10 10 7 7 13 11 13
2 0 2
4 1 4 0 4 4 6 10 10 7 10 14 14 7 16 14
2 5 5 5 0 7 5 9 5 11 9 11 14 9 14
4 4 4 0 4 7 5 7 10 7 12 5 12
2 0 2
7 1 4 2 4 7 0 10 10 7 12 10
16 3 1 5 3 16 8 16 8 11 9 11 14 9 14 0 16 19 16 19 20 21
3 3 0
2 0 2 2 2 5 9 9 5 11 9 13 11
3 3 0 5 3 7 3 9 7 3 12 3
2 5 5 5 0 5
2 0 2 3 7 7 3 9 7 11 9 11
3 3 0
3 3 0 3
2 5 5 5 0 7 5 9 7 9
22 4 4 1 6 4 6 9 7 9 13 13 9 13 16 4 16 19 17 21 19 0 24 22 26 24 26 30 30 26 30 34 34 30 36 30 36 37 40 38 40 43 38 43
2 14 2 3 4 3 8 3 8 11 8 11 8 0 14 15
2 0 4 2 4 7 4 10 10 4 10
2 0 4 2 6 2 8 6 10 6 10
2 5 5 5 0 5
5 1 1 5 0 5 8 6 8 11 8 11 14 11 14
4 4 4 0 7 7 4 7
2 0 2 3 4 4 8 4 10 8 12 8 14 12
3 3 5 5 0
9 3 1 5 1 5 6 9 0
2 0 2 5 3 7 5 2 8
5 5 5 5 0 8 8 5 10 8 10 13 8
2 0 2
11 3 1 5 1 5 5 9 5 9 0 13 11 15 13
2 3 10 3 3 5 6 10 10 0 10 13 10
2 6 6 3 6 0 6 7 7 11 9 11 12 15 13 17 13
7 1 4 1 1 7 0 10 10 7 12 7 12 12 16 7 16 17 20 16 20 7
2 8 2 5 3 8 8 0 10 8 10
2 5 2 5 0 5 5 7 10 8
3 3 0 3
2 5 2 5 0
4 4 4 0 4 8 8 5
2 0 2 3 3 8 8 3 10 8 12 10 10
3 3 11 3 4 5 8 5 5 11 0 11 12 15 13 15 15 19 15 19
4 4 4 0 7 7 4 9 7 11 4 13 11 13 16 11 18 16
2 5 5 5 0
2 0 2 3 3
3 3 8 8 4 7 4 0 10 8 8
4 4 4 0 4 8 8 4 10 8 8
7 1 4 1 4 7 0 7 8 9 12 8
2 7 2 7 7 7 0 7 8 8
2 0 2 3 7 7 3 10 10 7 12 7
4 1 4 0 6 4 8 4 4
2 5 5 5 0 7 5 9 7
2 14 8 14 4 7 4 4 4 9 14 11 14 0 14 17 15 19 17 17 20 21 24 22
3 3 0 3 6 4 6 9 4
3 3 0 3 7 7 4 7 10 8 12 7 12 13 14 17 7 17
4 4 4 0 4
3 3 0 3 6 4 8 4 10 8 10 13 4
2 0 2
6 3 6 5 3 0 6
3 3 5 5 0 5 8 5 8 9 12 5 12 13
3 3 0 5 3 5 3 9 7 7 10 14 14 10
3 3 0 3
3 3 0 3 6 4 9 9 4
2 0 4 2 6 2
2 9 9 3 6 3 6 9 0
2 0 4 2 4 2 6
0 1 1
2 11 4 2 11 5 8 6 8 11 0 15 14 15 11 17 15
0 1 4 2 4 7 4 9 1 9
2 7 4 2 7 7 0 9 7 7 10 13 10
2 12 2 3 6 3 6 9 12 12 12 0 15 15 12 15 16 19 17 21 17
2 6 2 6 6 0 8 6 8 9 13 13 10 15 10 15
2 7 7 7 6 7 0 9 7 9 10
3 3 0
4 4 4 0 4
2 0 4 2
3 3 0 3 7 7 3
7 1 4 1 4 7 0 7 11 11 8 14 14 11 14 14 18 16 18 21 18 23 21 21
3 3 0 6 6 3 6 10 10 6 10 13 11
2 3 0 3 6 4 8 6 6 11 9 11
6 6 6 6 6 0
2 0 2 5 2 5 6 7 2
3 3 0 3 8 8 8 3 10 8
4 4 4 0 6 4
2 8 8 5 3 8 8 0 10 8 10 13 11
0 1 1
0 1 1 5 3
4 4 4 0 6 4 8 6 10 8
4 4 4 0 4 8 8 4 10 4 12 10 12
2 0 5 5 2 7 2 9 7
2 3 0 3
3 3 0
2 0 2
2 9 2 6 6 3 6 9 0 12 12 9
2 0 2
4 4 4 0 4 5 6 6
2 7 7 3 7 7 0 9 7 9 12 10
4 4 4 0 6 4 8 6
7 1 4 1 1 7 0 9 7 9 12 7 12 15 13
13 1 4 2 4 8 8 5 13 13 12 13 0 13 16 14 16 20 20 16 20
3 3 5 5 0 7 5
4 4 4 0 7 7 4 9 7 9 12 9 7 16 16 7 18 16 20 16
3 3 0
2 4 4 0
3 3 0
6 3 1 3 6 0 6 10 10 6 12 10 6 15 13 15 16
2 6 6 3 6 0
4 4 4 0 6 4 8 6 10 8 10 8 12
3 3 0 5 3
3 3 0 3 4
0 1 1 3 4
0 1 1 1 4 1 6 9 1 11 9 11
6 1 6 6 6 0 8 6 8 9
9 1 4 1 4 7 5 9 0
2 0 2 3 4 2 6 9 7 11 9 6 6 13
3 3 0
3 3 0 5 3
2 0 2 3 6 3 8 6
3 3 0 5 3 5 8 5
2 0 2 5 3 7 2 7 7 11 2 11 14 12 16 11 16 16 16 21 16 21
2 0 4 2
2 0 4 2
2 0 2 3 6 4 8 6 10 4 12 2 12 15 13 15
2 6 2 6 6 0 8 6 10 8
2 0 2 3 6 4 8 6 8 8
2 4 4 0 4 8 8 5 10 8 5 5
2 5 5 5 0 5 6 7
2 0 2 3 6 3 6
0 1 1 1 4 7 4 9 7 11 7
5 1 5 5 0 7 5 9 5 9
19 1 4 2 4 5 8 2 10 8 10 14 14 10 14 17 14 17 0 21 19 21 24 19 24 24 24 24 31 31 28 33 31 35 31 35 38 36
3 6 2 2 6 0 9 9 6 11 9 11 14 6 14 17 14 17 18 25 19 21 24 22 21 21 26 26 26 31 6 33 31 35 33 37 35 33 38 42 42 39 44 42 42
3 3 0 5 3 5 3 9 7
3 3 0 5 3 5 8 5 8 11 3 13 11 13
2 4 4 0 6 4 8 6 8 11 8 13 11 13
5 3 1 1 0 7 5 5 8
2 3 13 5 3 5 6 6 10 5 13 13 0 13 16 13 18 16 18
3 3 0 3 4 5 9 5 8 8 12 4 12 13 17 13 16 16
2 0 4 2 7 7 2
5 3 1 3 0 5
2 0 2 5 3 5
4 3 1 0 4 5
2 0 4 2 4
2 5 5 5 0 7 5
13 3 1 3 3 3 8 6 8 13 12 10 0 15 13
2 11 4 2 4 7 11 7 8 11 0 11 14 12
5 3 1 5 0
4 3 4 8 8 5 8 0 10 8
8 3 1 3 6 4 8 0 8 8
2 4 2 0 6 4 8 6 8 8 8
3 3 0 5 3 7 5
7 3 1 7 7 7 0 7 8 9 9
3 3 0 3 3 5 6 6 6
4 3 4 6 6 0
2 0 2
2 0 2 5 2 5 8 5
9 4 4 9 9 9 9 9 0 9 12 10
2 0 2 5 2
13 1 1 1 4 13 8 6 8 11 9 13 0 13 16 13
8 1 4 1 6 4 6 0
2 0 2 5 2 5 8 2 8 11 2 11 14 2 14 17 2 17
2 0 4 5 2 5 8 6 8 9 9
3 3 0 3 6 4 8 3 10 8
3 3 0 3
2 12 12 12 4 7 4 9 7 9 12 0 14 12 14 17 12 19 17 21 12 21 25 25 22 25 25 25 31 31 25 31 32 35 32
3 3 0 5 3 7 3 7 10 3
2 0 4 2
2 0 5 5 2 2 6 6 8 11 2 11
4 1 4 0 4 5 8 6
2 0 4 2 4
10 1 1 1 6 4 6 10 10 0 10 13 10 13 14 17 15 19 17 21 19 23 17 25 23 25
2 0 4 2 7 7 4 7
3 3 4 0 4 7 4 9 7 11 9 11
2 7 4 2 7 7 0
2 0 2 3 4 7 4 7 3 3 10 11
6 3 6 6 6 0 6 9 7 9
2 0 4 2 4 4
2 0 2
4 4 4 0 6 4 6 7
2 17 2 3 6 4 6 4 4 11 9 11 14 12 17 17 0
5 5 5 5 0
2 7 2 5 7 5 0
3 3 0 3
3 3 0 3 4 5
2 6 6 6 6 0 8 6 8 11 8 11
2 9 9 3 4 9 9 9 0
2 0 4 2 4 8 8 5
5 5 5 5 0
2 0 4 2
3 3 0 5 3 3
5 1 1 5 0
3 3 0
3 3 0 3 3 7 3 9 7
2 0 4 2
2 4 4 0 4 7 5
6 3 1 3 6 0 6 7 10 7 10
2 0 2 6 3 5 5 9 7
2 0 4 2 4 7 2 10 10 7
2 4 4 0 4 4 8 6
2 3 12 3 6 4 8 6 8 12 12 0 14 12
2 4 4 0 4 5 5 7 8 11 9 11 7 7 16 14 16
3 1 0 3 4
5 1 2 5 0 5 8 5 10 8 10 5 12 15 12 15
2 5 5 5 0 5 6 10 10 6 12 10 14 12 16 10 18 16 18 21 10 23 21 23 24
3 3 0 3 7 7 3 7 8
2 0 2 5 3 5
3 3 0 5 3 8 8 5 10 5 10
2 0 4 2 4 5 8 6
2 4 4 0 6 4 6 9 6 9 12 6 14 12 14
2 6 2 6 4 0
2 0 2 5 3 7 5 7
4 1 4 0 6 4 6 9 7 4
3 3 0
7 1 4 2 7 7 0 9 7 9
4 4 4 0 4 7 5 7
0 1 2 5 1 7 5 7
6 3 1 3 6 0 6 10 10 6
2 5 5 5 0 5
3 3 0
3 3 0 5 3 7 3 9 3 9 10 11 11
4 1 4 0
2 0 4 2 4 5 6 7
2 0 2 5 2 5 9 9 5 11 9 13 11 15 9 17 15 17 21 21 22 9
3 1 0 3 4 7 5 9 5 9 10 10
3 3 0 3 6 4
5 1 2 2 0 5 5 7 10 8 10 13 11
3 3 0
2 0 4 2 4 7 5 9 7 9
3 3 0 3 6 3 8 6 8
2 0 2 3 4 5 5
8 1 4 1 4 1 8 0
3 3 0 5 3 5
2 7 7 3 3 7 0
10 1 5 5 1 5 8 6 8 0 12 10 14 12 16 14 18 16
2 0 2
2 6 2 6 6 0 6 7 10 8 10
5 1 5 5 0 7 5 7 10 5
2 0 4 2 6 4 6 2
2 0 5 5 2
11 1 2 3 6 3 6 11 10 11 0
2 0 2
6 1 4 1 6 0 6 9 7 11 6 11 12
2 5 5 5 0
3 3 0
2 4 4 0 6 4 8 6 8 11 6 14 14 11 16 14 14 17 20 18 22 18 22
3 3 0 6 6 3 8 3
7 1 4 2 4 7 0 7 10 7 12 10 14 12 14 17 15 17
2 0 4 2 4 5
10 1 2 2 6 2 6 1 10 0 12 10 14 10 14 15 10 19 17 19 23 23 10 25 23
3 3 10 10 4 4 8 4 10 0 12 10 14 10 14 15
2 0 2 5 2 5
2 0 4 2
2 4 4 0 6 4 6 7 8 11 6 13 11 13 16 13
2 0 4 2
2 3 0 3 3 5 6
2 8 5 2 4 4 8 0 8 9 12 8 12
5 5 5 5 0 5
3 3 7 3 7 7 0 7 8
8 1 1 5 3 8 8 0 8
3 3 0
3 3 0
5 1 4 1 0 5 6 7
2 7 4 2 4 5 0 9 7 9
4 4 4 0
2 0 4 2
5 1 4 1 0 5 8 6 8
2 4 2 0 4 7 4 7
6 3 6 3 6 0 6 9 6 9 12 9 12 13
2 0 2 5 3
5 3 1 5 0
2 4 4 0 4 7 5 9 7 9 4 13 11 13 11 17 15
3 3 0
2 0 4 2 8 8 8 2 8 9
5 1 5 5 0 7 5
2 4 4 0 4 5
4 4 4 0 4 7 4 9 7 11 7 11 12 12
8 4 1 3 3 5 8 0
6 3 1 3 6 0 6 9 7 9
4 4 4 0
3 3 0 5 3 5
2 0 4 2 6 2
4 4 4 0
4 4 4 0
3 3 0 6 3 5 5 10 10 7
4 4 4 0 6 4 8 6
4 4 4 0 4
3 3 5 5 0 5
3 3 0 5 3 5 8 5
3 3 0 5 3 7 5 7
3 3 0 3 3 5 8 5 8
5 3 1 5 0 8 8 5
6 3 1 3 6 0 6 7
4 4 4 0 6 4
2 0 2 5 2
3 3 0 5 3 7 3 9 7
2 0 4 2 6 4
2 0 5 5 2
4 1 4 0 4 5 8 6
3 3 0
3 3 0
2 3 0 7 4 4 3
7 3 1 7 6 4 0 7 11 11 8
3 3 0 3 6 4 6
26 3 1 3 7 7 4 12 11 11 12 7 12 15 7 7 19 19 21 21 7 21 24 26 26 0
2 0 2 5 2
2 10 2 3 10 5 6 10 10 0
2 0 2 3
2 5 5 5 0
3 3 0 5 3
5 5 5 5 0 7 5 7
0 1 1 1 4 7 5 7
4 4 4 0 4
3 3 0 5 3
6 3 1 6 6 0 8 6 8 11 8
3 3 0 3 4 5 8 4
7 1 7 7 7 7 0 9 7 9 10 13 11 13 14
5 1 5 5 0 5 6 10 10 7 10 13 10 15 13 15
4 4 4 0 4
5 1 1 5 0 7 5
3 3 0
8 3 1 1 6 4 6 0 11 11 8 11 11 16 16 13 18 16
3 3 0 3 6 4
0 1 1 1 6 1 1 1 1 11 9
4 4 4 0
4 4 4 0 7 7 4
2 7 4 2 7 7 0 7 8 9 9 11
0 4 4 1
4 4 4 0
3 3 0
3 3 6 6 6 0
4 4 4 0 4 5 6 9 7 9 10
2 13 2 3 6 3 6 9 2 9 13 13 0 13
3 3 0 5 3 7 5
2 7 2 5 2 5 0 9 7
6 6 5 5 6 0 8 6 10 8 10 14 14 6 16 14
3 3 5 5 0 10 9 9 10 5 12 10 14 10 14 15 18 16 18
5 3 1 5 0 7 5 9 7 9 12 9 14 12 16 14 18 14 18 18 22 18
4 1 2 0 6 4 8 6 10 8 10 13 11
2 4 4 0
3 3 0
7 1 4 2 6 4 0 9 7 11 9 11 14 12 14
0 3 1 3
2 6 6 3 6 0 6 7 10 7 10 13 10
3 3 0 5 3 8 8 5 8 11 5 13 11 13
4 3 1 0 4 5 6 9 7 9
0 1 2 2
15 7 4 1 6 4 4 10 10 4 12 10 12 15 0 17 15 19 15 19 22 20 26 25 23 15 26 29 27 29 27 27 32 35 32 35
3 3 10 5 3 10 8 6 10 0 10 13 11 13 16 11 16
2 5 5 5 0 5 8 6 10 8 12 10 10 15 10 17 15 5 18 19 22 19 22 5 26 24 26 27 28 24 24 33 31 35 33
3 3 0 3 4 5 8 4 10 8 12 10 14 10
2 11 4 2 6 2 6 7 7 11 0 11 11 11
5 1 5 5 0 7 5 9 7
12 4 4 1 6 12 8 6 8 6 12 0
2 5 2 5 0 7 5
2 0 2 5 2 5 9 9 2 11 9
2 0 2
3 3 0
5 5 5 5 0 8 8 5
2 0 2
2 0 2
2 8 4 2 4 8 8 0 10 8 12 10 10 15 10 17 15 17 18 18
2 4 4 0 6 4 8 6
2 5 5 5 0 7 5 7 7
15 3 1 5 3 3 3 9 7 9 10 13 11 15 0 15
2 0 2 6 6 2 9 9 2
0 3 1 5 3
6 1 4 1 6 0 9 9 6 11 9
3 3 0 6 6 3
3 3 0
4 4 4 0 6 4 8 4
2 0 2 3 2 7 5 9 7 11 9
2 6 2 6 6 0
4 4 4 0 6 4 9 9 4
3 3 0 5 3
4 4 4 0
2 0 2 2 2 5 8 6 10 8 12 10
4 4 4 0 6 4
3 3 5 5 0
2 7 2 5 3 7 0
10 3 10 3 4 5 5 5 10 0 12 10
2 8 2 2 6 4 8 0 10 8
3 3 8 5 3 3 8 0
2 0 2
3 3 12 5 12 8 8 5 12 9 12 0
2 0 4 2 4 7 4 9 7 2
11 1 1 3 6 3 6 9 3 11 0
2 6 6 6 6 0 6 11 11 11 7
7 1 4 1 7 7 0
3 3 0
2 7 7 7 7 7 0
3 3 0
3 3 0 5 3
4 4 4 0 4
7 3 1 5 1 7 0 9 7 11 9 13 11 15 13 15 18 16 18
4 4 4 0 6 4 8 6 8
4 4 4 0 6 4 6 9 7 9 7 14 14 11 16 14
4 4 4 0 6 4 8 4
8 1 4 2 1 8 8 0 8
10 1 4 1 4 10 10 10 10 0
7 1 1 7 7 7 0
2 5 2 5 0 7 5
4 4 4 0
2 0 2 5 3 5 8 5 8 9 9
2 0 2
5 5 5 5 0 7 5
4 4 4 0 6 4
2 0 4 2
2 5 5 5 0 7 5
2 5 5 5 0 8 8 5
2 0 4 2
2 0 2
9 1 4 2 4 7 5 9 0
12 1 4 2 4 5 9 9 6 12 12 0 14 12 14 17 14 17 20 18
3 3 0 7 6 3 6 6 8 13 13 13 3 13
3 3 0
2 0 2
2 4 4 0 4 5
5 1 1 5 0 7 5 9 7 11 9 11
3 3 0 3 4
3 3 8 5 3 8 8 0
2 9 2 5 9 5 6 6 0 11 9 11 12 13
18 1 2 7 7 7 3 7 10 8 12 8 12 12 16 12 18 0 20 18 20 21
3 3 0
2 0 2
2 5 5 5 0 5 8 6 6 11 9
2 3 0 5 3
8 3 1 8 8 8 8 0
6 3 1 6 6 0 6 7 10 8 12 8 12
2 5 5 5 0 7 5
3 3 12 5 3 5 9 9 12 12 12 0 14 12 16 14 18 16 18
2 0 4 2 6 4
2 0 2 7 7 7 2
0 3 1 3 6 1 6 7
10 4 4 10 4 7 4 4 10 0
2 0 2 3 4
3 1 0 3 6 4 6 7 8 11 7 13 11 13 16 14
2 4 4 0 6 4
2 0 4 2 6 4
3 3 0 5 3
2 13 4 2 6 4 6 7 10 4 10 2 0 17 17 17 13 17
2 0 2 3 6 4
2 5 5 3 0
5 1 5 5 0
3 3 0 3 6 3 8 6 8 11 8
4 1 4 0 6 4 6 9 6
2 0 5 5 2
0 1 4 2 2 7 2 9 1
2 4 4 0 4 5
3 3 0
2 9 9 5 3 9 9 9 0 11 9 13 11 13
2 0 2 5 3
3 3 0 3 7 7 4 4 4 9 10 13 10 15 9 17 15 17 20 18
3 3 0
2 4 4 0
2 0 2
3 3 0 3 3
2 0 4 2 4 5 5
2 0 4 2 4
7 1 4 1 1 7 0 9 7 9 14 14 14 9 16 14 16 19 17 19 17 23 21 25 14
2 0 2 3
5 1 1 5 0 5 8 6 8 8 12 8 12 12 16 5 16 19 17 21 19 21 24 19 24 27 25 29 27 31 29 31 34 31 34
5 3 1 5 0 7 5 9 7 11 9
2 4 4 0 4 4
8 1 1 3 4 4 8 0 10 8 10 13 8 13 17 17 18 13 18 18 22 18 24 8 26 24
3 3 0
5 1 1 5 0 7 5 10 10 7 13 13 5 13 16 5 18 16 18
2 0 5 5 2 7 5
6 1 2 6 6 0
2 7 2 3 7 7 0
3 3 0
2 3 0
2 0 5 5 2 7 2 7 10 8 12 10 12
8 3 1 5 3 8 8 0 10 8 12 8 15 15 12 15 15
2 4 4 0
3 3 0 3
2 0 2 3 6 2 6
3 3 0 5 3 7 3 7
2 10 2 2 6 2 6 10 8 0 12 10 12
3 3 0 3 3 5 5 7 8 8 8 14 14 11 16 11 3 17 20 17 22 20 22
3 3 0 5 3
3 3 0 5 3
2 3 0 5 3 7 5 7 10 8 10 13 8
4 4 4 0 6 4 6 7 8 11 9
20 3 20 3 7 7 4 10 10 4 10 10 10 15 13 20 20 19 20 0 20 23 20 20 24 24
2 0 4 2
19 3 1 5 1 5 6 6 10 5 10 13 10 1 16 14 18 16 0 19 20
2 7 7 7 4 4 0 9 7 11 9 11 9 15 13 15 19 19 15 23 23 23 15 25 15 25 25 25 25 29 29
2 12 2 3 6 12 9 9 6 11 6 0
3 3 0 3 6 4 4 7 10 8 12 8 4 13 13 15 16 16
3 3 0 3 7 7 4 9 7
2 6 4 2 4 0 8 6
4 4 4 0 6 4
0 3 1 3 6 4
8 1 4 1 1 8 8 0 10 8 12 10 14 12 14
2 3 4 0 4 5
2 0 5 5 6 2 8 2 8 11 9
10 3 1 5 3 5 5 7 8 12 12 0 14 12 14 15
0 3 1 5 1 5
2 4 2 0 4 5
0 1 2 3
2 0 2 6 6 3 8 6 8
2 4 4 0 4
0 1 1 3 3 1 6 6 8
2 0 4 2 6 2 8 6
3 3 12 5 3 12 6 6 8 9 12 0 14 12 16 14
2 14 4 2 6 4 8 4 11 11 8 14 14 0 17 17 14 17
2 0 4 2 6 4
4 4 4 0
2 0 4 2 6 4 8 4 8
2 4 4 0 4
3 1 0
5 1 1 5 0 7 5 5 8 9 12 5 12 12 14 14 14
2 0 2 5 2 5 6
2 0 2 5 3 5
6 1 1 6 6 0 6 7 7 12 9 11 11
2 0 4 2 6 4
4 4 4 0 4 5 8 4 8 11 9
4 1 4 0 4 5 6
3 3 0
2 0 2 3 4
2 4 4 0 6 7 4 7 10 4 10 11 14 12 14
14 1 4 2 6 4 8 6 8 11 4 13 11 0
4 4 4 0 6 4 6 7
2 0 4 2
2 0 2 3
3 3 0 5 3
2 5 5 5 0 5
2 16 2 5 2 5 8 5 10 2 12 10 16 16 16 0 18 16 18
2 0 2 5 2
2 0 2 5 3 5 8 3
2 0 2 6 6 2
5 1 5 5 0
5 1 5 5 0
3 3 0 5 3 7 5 9 7 9 10 10 14 3 16 14
4 4 4 0 4 7 5 4 11 11 8 13 14 11 16 14
13 3 1 3 6 4 6 9 6 13 13 13 0 15 13
2 6 2 6 6 0 8 6 6 9 10 10
4 1 4 0 4 5 4 7
4 4 4 0 4 7 5 7 5 11 9 11 14 11
16 1 1 1 1 7 5 9 7 9 12 5 12 16 16 0
2 0 2 3 6 3 3 7 8 9
10 3 1 3 6 4 6 9 4 0
6 1 6 6 6 0 8 6
2 3 0 5 3
3 1 0 3 6 3 6
5 5 5 5 0
3 3 0 5 3 8 5 7 7
2 5 5 3 0
3 3 0 3 4
4 4 4 0
2 0 4 2 6 4 6
4 4 4 0
2 0 2
9 1 9 5 9 5 8 5 0
0 1 2
2 0 5 5 2
3 3 0 5 3 3 6
2 0 2 2 6 2 6 7 10 7
2 0 2 5 2
2 0 2 6 6 3 8 6
2 0 2
3 3 0 5 3 3 6 10 10 7 12 10 12 15 10 6 6 17 20 18 22 20 22
3 3 0 3
3 3 0 5 3 7 5 7 10 5
0 1 2 6 6 2 8 6
3 3 0 3 4
3 3 0
3 3 0
21 1 1 5 3 7 3 9 7 11 9 13 11 15 13 7 16 21 21 21 0
5 1 5 5 0 7 5 7
3 3 0 5 3 7 5
2 0 2
5 1 5 5 0 5 6
2 0 2 3
5 1 5 5 0 7 5 7 8 11 9 11 12 12
5 1 5 5 0
2 0 5 5 6 2
2 0 2
3 3 0
6 1 4 1 6 0 8 6
4 1 4 0
2 0 4 2 6 4
4 1 4 0 6 4
2 0 2 3
3 3 0 3
0 1 1 3 6 1 6
3 1 0 3
3 3 0
5 5 5 5 0 5
0 1 4 1 4
2 0 2
3 3 0 3 7 7 4 9 7 9 10 11 14 11 16 14
3 3 0 3 4 4
2 7 4 2 4 7 0
3 3 0 5 3 3 6 9 7 9 9 13 11
3 3 0 3 4
3 3 0
7 1 1 5 3 7 0 9 7
2 0 4 2 6 4 6
6 1 6 6 6 0 8 6 10 8
2 0 2
3 3 0
3 3 0 3 6 3
3 3 8 3 3 5 5 0 8 11 8 13 11
4 1 1 0 4 4 6 7 11 11 7 13 4 15 13 19 13 17 17 17 20 20 24 13 26 24 28 26 28
2 0 4 2 6 4 6
3 3 0 3 4 4 10 10 10 3
2 0 2 3 4 8 8 2 8 8 12 8 12
7 1 4 1 7 7 0 7 7 11 9 11 12
2 3 6 6 6 0 6
2 0 5 5 2 5 2 9 7
0 1 4 1 4 7 5
3 3 0 5 3 9 9 9 5 11 9 11 11 13
3 3 0 6 3 5 5 7 10 7 10
4 4 4 0
2 5 5 5 0 7 5 10 8 7 13 7 12 12
12 3 1 5 3 7 3 12 10 12 12 0 14 12 24 17 12 20 20 17 22 20 22 17 17 28 28 25 25 31 29 33 29 35 33 35 38 33
3 3 0
2 9 2 3 9 9 9 9 0 9 10 10 14 9 14 9 18 16 20 16 20 23 20 25 20 25 16 16 31 31 28 31 35 35 31 37 35
3 3 12 3 3 5 8 6 10 6 12 0 14 12 16 14 16 14 20 18 22 20
3 3 0 3
2 0 2 5 2 5 6 5 10 8 12 10 14 10 8 8 18 16 18 19
2 0 4 2 6 2 6 7
2 3 0
3 3 4 0 4 7 5 10 10 7 13 10 12 12 16 14 16
3 3 5 5 0 7 5 5 8
2 0 4 2
2 0 2 3 6 3
3 3 0 3 3 7 5 9 7 9 12 5 14 12
2 4 4 0 4 7 4
2 16 2 3 3 5 8 6 3 12 12 9 9 16 16 0
2 5 5 5 0 7 5 7 10 5 10 11
2 0 4 2 2 5
0 4 4 1 6 4 6 9 4 9 1 1 12 15 12 15 12 19 17 19 19 24 21 23 23
2 4 4 0 4 9 9 9 4 9 12 9 12
3 3 15 3 6 4 6 15 8 12 8 11 11 11 0 17 15 19 17 19
3 3 0 3 6 4 4
2 0 2 5 2 7 5 7 10 7 10 13 10 13
2 0 2 5 3 5 6 6 3 3 10 13 11 13 16 10 16
2 4 4 0 6 4 6 9 7
3 3 0
2 0 4 2 6 4 6 4 8 11 8 11 12 15 13 17 11 17 20 18 18 17 24 17 26 24 29 29 24 32 32 29 29 35 33 39 39 39 29 41 39
3 3 13 5 3 7 3 7 8 13 10 13 0
4 4 4 0 4 7 5 9 5 9
2 0 4 2 6 2
7 1 2 7 7 7 0 7
3 3 10 5 3 10 10 10 10 0
2 0 4 2 2 5 5 9 7 9 7 13 11 15 7 15
4 3 1 0 6 4 4 7 11 8 10 10 15 15 8
2 4 4 0 4 5
3 3 0 3 3 7 5 7 10 8 10 13 8 15 13 15
4 4 4 0 4 4 6 4 8 9 12 9 14 12 8 15 18 16 20 18 20 15 15 26 26 23 28 26 28
2 4 4 0 6 4
2 4 4 0 6 4 8 6
2 7 7 3 7 7 0 7
2 0 2 5 3 7 5 10 10 5 5 13 11 2 14 17 14 17 18 18 14 14 22 23 26 23 26 27
2 0 4 2 4
3 3 0 5 3 5 8 3 8
2 4 4 0 6 4 6 9 7 9
3 3 0 3 6 4
3 3 0 3 4 4 6
2 10 4 2 4 10 10 10 10 0 10
2 6 6 6 6 0 8 6 6 9 9 9
2 0 2 5 3 5 6
2 5 5 5 0 8 8 5 10 8 12 10 12 13 16 14 18 16 18
2 0 7 2 6 4 4 4 8 11 9 11
4 4 4 9 9 9 9 9 0 9 12 10 14 10
2 0 5 5 2
3 3 0 5 3
3 3 0
2 6 6 6 6 0
3 3 0
5 5 2 5 0
6 3 1 3 6 0 8 6 8 12 12 6 14 12 18 18 18 6 20 18 22 20 24 22 26 20 26 27 30 27
7 1 1 3 7 7 0 9 7
2 4 4 0
3 3 0 5 3 5 8 5
2 3 0 5 3 5 8 5 8 12 12 3
6 3 1 5 1 0 6 6 10 8 10 8 12 13 14
12 1 5 2 4 4 12 12 12 12 12 0 14 15 12 15 16 19 16 16 22 20 24 22 24
2 10 10 5 3 5 10 10 10 0
2 11 2 2 6 2 8 6 10 6 0 11 14 12 16 11 18 11 18 19 20 23 20 25 19 25 26 27 28 28 28 33 27 33 36 34 38 36
2 6 2 6 6 0
4 4 4 0 6 4 8 6 10 6 12 6 6 15 13 15 15 19 17 19 22 17 22
2 3 4 0
3 3 0 5 3 5 6 7
5 1 4 1 0 7 5 5 8 12 12 8 15 15 12 17 15 17 22 22 22 15 22 25 22 27 25 29 25
4 4 4 0 4 4 9 9 6
3 3 11 3 6 4 11 7 11 11 0
2 0 2 2
2 0 2 5 2 7 2 10 10 7 10
3 3 0 3
3 3 0 3 6 4 8 6
3 3 0 3 7 7 4 7 8 11 8 13 8 13 14
2 0 2
2 9 2 3 6 9 9 9 0 11 9
2 11 2 5 2 11 8 6 8 11 0
2 9 2 9 9 9 9 9 0
6 1 1 3 6 0 6
4 3 4 0
2 0 2 6 3 5 5 7
6 3 6 3 6 0 6 9 7 12 12 6
2 0 2 5 2
4 4 4 0 6 4
6 3 1 6 6 0 8 6 10 8 10 15 12 15 6
5 4 4 5 15 15 6 7 7 11 6 15 15 15 0 17 15 20 20 17
3 3 0 3 7 7 3
2 5 2 5 0 5 9 9 5 11 5 11
2 0 4 2 4 7 4 7
3 3 0 6 6 3
2 12 2 5 12 7 12 7 10 7 10 0 12 15 12 17 15 17
0 3 1 3 4 5 4 9 7
6 3 1 3 6 0 8 6 8 6 10 13 10 15 6
3 3 0
3 3 0 6 6 3 6
2 0 2 6 6 2
4 4 4 0 6 4 6
3 3 0 5 6 3
3 3 0
2 4 4 0 6 4
3 3 8 5 8 5 8 0 8 8 8 8 12 12
3 3 0
2 0 2
3 3 0 5 3 5 6 7 7 11 9 11
0 3 1 5 3 3 8 6 10 8
3 3 0 5 3 5
4 4 4 0 4
4 4 4 10 6 4 10 10 10 0
3 3 0
2 0 4 2 7 7 8 4
2 7 7 3 7 7 0
2 0 4 2 4
2 5 5 5 0
4 4 4 0 6 4 6
2 8 8 5 3 5 8 0
2 0 2
3 3 0 3 6 3
21 3 1 3 4 7 4 3 3 3 3 11 11 3 1 17 1 17 21 21 0 21 25 25 21 25
2 4 4 0 4 5 6 9 6 11 9
2 0 2 2 4 4
2 0 2 5 3 5 6 6
2 6 6 3 6 0
3 3 0 6 6 3
3 3 0 3 4 4 6 7 7 9 12 10 14 9 16 14 16
2 4 4 0
0 1 2
3 3 0 5 3 5
2 5 5 5 0
3 3 0
15 1 4 2 4 7 4 7 10 1 12 10 14 12 0 18 18 15 18 19
3 3 0 5 3 5 8 5 8 9 9 13 9 13
2 0 2 3 7 7 4 2
3 3 11 3 6 4 6 11 11 11 0 11 12
2 4 4 0 4 4 6
5 3 1 3 9 5 5 9 0 9
2 15 2 3 15 7 5 7 7 11 7 11 15 15 0 17 15 17 15
2 0 2
3 3 0
2 3 0 3 6 4
5 1 5 5 0 7 5 7
5 1 5 5 0 5
2 9 4 2 4 2 2 9 0 9 12 10 12
2 0 2 5 2 7 5 7 8 7 10 7 12 12
3 3 0
3 3 0
2 0 2
2 0 4 2 7 7 2 7
4 4 4 0 4 5 6
2 12 4 12 4 12 6 6 8 12 12 0
3 3 0 5 3 7 3
2 10 2 3 3 7 3 7 10 0 10
2 0 2 5 3 7 5 7 11 11 3 13 11
5 1 5 5 0 5 8 5 11 11 5
5 1 5 5 0 5 5
0 1 2 5 1
4 1 4 0 6 4 8 6 8
4 1 4 0
2 0 2 5 2 7 5
2 7 7 3 7 7 0
2 6 6 3 6 0 6 10 10 7 12 10
3 3 0 3 4
6 1 6 6 6 0 10 9 10 6
5 3 1 5 0 5
2 0 5 5 2
5 5 5 5 0
4 4 4 0
2 8 4 2 4 8 8 0
3 3 4 0 4 4 8 6 10 8 10
2 4 4 0
2 0 4 2
0 3 1
2 0 2
4 4 4 0
5 3 1 5 0 7 5 9 7 9
3 3 0 3 4 5 6 10 6 9 9 13 11 15 6 15
11 1 1 5 3 5 8 3 8 9 0 11 14 11 16 14 16 17
2 30 4 2 6 4 6 2 10 8 12 8 12 13 17 17 14 19 17 23 22 14 22 22 26 24 26 30 30 0
7 7 6 6 6 7 0 9 7
2 0 4 5 2 7 5 5 10 8 10 11 14 11 16 14 16 19 11 21 19 21 21
10 1 4 2 4 7 2 1 10 0 10 13 10
2 7 2 7 7 7 0 9 7 9 9
4 4 4 0 4
2 0 2
2 0 4 2 4
2 0 5 5 2
2 4 4 0 4 5 6 9 4 12 12 9 12 13 16 14 16 19 16 19
3 3 0 5 3 7 5
3 3 0 3 8 8 8 4 4 11 9 11
3 3 0 3 6 3 8 6
4 4 4 0
3 3 0 3
6 3 1 3 6 0 8 6 10 8 12 6 12 13 6
3 3 0 3 7 7 4 10 10 4
2 3 0 5 3 3
2 0 4 2 4 2 8 6 8
2 6 4 2 6 0 6 7
3 3 0 3
2 4 4 0
5 1 5 5 0 5 6 6 10 8 13 13 8 13
3 3 0
3 3 0 6 6 3
2 4 4 0 4 7 5 7 10 5 10
2 0 2 3
6 1 4 2 6 0 6 9 6 9
30 1 4 2 4 7 2 9 7 9 7 13 7 15 13 17 15 19 17 19 22 20 1 23 1 27 25 27 30 0 32 30 34 32
2 7 7 3 7 7 0 9 7 9
2 0 2 2 4 7 5 10 10 4
4 4 4 0
3 3 0
5 3 1 5 0 8 8 5
5 3 1 3 0
4 4 4 0 6 4 6 9 7
3 3 0
5 1 4 2 0 7 5
3 3 0 5 3 7 3 9 3 12 12 13 3 15 13 15 16
0 4 4 1 1 1 6 9 7 12 12 9
3 3 0 5 3 7 5 9 7 3 12 10 12 15 10
2 3 0 3
3 3 4 0 4 4 6 9 6 9 6 14 14 11 16 14 16
10 1 4 1 6 4 8 6 10 0 12 10 12 15 13 15 18 10 20 18 18
4 4 4 0
3 3 0 5 3 5 6
2 3 0
5 1 1 5 0 5
3 3 0 3 4 5 8 5 5 12 12 4 14 12 14 17 12 17 18
2 0 2
2 0 2 7 7 7 2 7 7
3 3 0 3
2 6 6 6 6 0 8 6 8 11 9 11
3 3 0 5 3 5 5
2 0 2
4 1 4 0
4 1 2 0
2 0 2 3 7 7 2 7
2 0 2 3 4 5 6 7
3 3 0
8 1 1 5 6 1 8 0 8
10 1 2 1 4 5 9 9 5 0 10
6 6 6 6 6 0 6 7
14 1 4 1 4 5 1 1 10 8 10 10 14 0
2 15 6 6 6 2 8 6 8 11 8 11 15 13 0 17 15
0 1 2 3 4 4 8 6 8
2 0 2 3
2 9 4 2 6 2 6 9 0
3 3 0 3 3 5 9 9 5
3 3 0 5 3 5 3 7 10 7
5 1 1 5 0 5 6 9 6 9 10 9 12 13 16 13 16
2 8 4 2 6 8 6 0 10 8 12 10
4 4 4 0
3 3 0
3 3 0 5 3 3 6 7 7 11 6
2 7 7 3 7 7 0
2 0 2 2
2 0 2 5 3 8 8 2 11 9 8
5 1 1 5 0 7 5 7 10 7 10 13 5 15 13 15 16 20 20 17 22 20 24 16 24 27 24 29 16 29 30
8 1 5 5 2 8 8 0 8
2 0 2 5 2 5 6 7 7 2
5 5 5 5 0 7 5 9 7 11 9
2 5 5 5 0 5 8 5 10 8 10 13 11 13 17 17 13
2 11 2 5 2 7 5 7 11 11 0 11 12 13 16 14 16 13
3 3 0
0 4 4 1
2 0 2 3 6 4
8 8 8 8 4 4 8 0
3 3 0 5 3 9 8 5 8 11 8 11 14 12 14 17 11 17
2 4 4 0 4 7 5 7 7
4 4 4 0 4 7 4 9 7 9 10 10
4 4 4 7 7 7 0 7 11 11 8 11 14 11 14
3 3 0 5 3 7 5
3 3 8 3 3 8 8 0 8 11 9
6 4 4 6 6 0 9 9 6 9
4 1 4 6 4 0 8 6 8 12 12 8 14 12 14 18 18 15 20 18
6 3 4 1 6 0
3 3 18 18 6 18 8 6 11 11 6 6 14 6 16 14 18 0 18
2 11 4 2 6 4 11 10 10 11 0 14 11 13 13
4 4 4 0
2 3 7 5 3 7 0
3 3 0
10 1 1 3 6 4 8 6 10 0
3 3 0 5 3 5 8 6
3 3 0
3 3 0
3 3 0 5 3
2 0 4 2 6 2 8 6
4 3 1 0 4
3 3 0 5 3 5 6 6 10 5 12 10
9 3 1 3 3 5 9 9 0 13 13 13 9 15 13 15 16
3 1 0 6 6 3
4 4 4 0 6 4 6
5 5 5 5 0 8 8 5 10 8
8 1 4 2 6 4 8 0 8
5 1 5 5 0
2 4 4 0 6 4 9 9 4
0 3 1 5 1
4 4 4 0 4 7 4 4 10 4 12 10
2 5 5 5 0
2 0 2 3
5 1 1 5 0
2 0 4 2 6 2
3 3 0 3 6 4 8 3 8 9 9 3 12 15 12 15 16 12 12 19 22 19
3 3 13 6 6 8 8 13 13 13 13 13 0 15 13 15 16
3 3 14 6 3 5 5 9 14 11 9 9 14 0 16 14 16 19 16 21 14 21 24 22 14
2 4 4 0 7 7 4 4 11 11 8
3 3 0
2 0 2 5 2
2 0 2
9 9 6 6 6 2 9 9 0 12 9 11 11 13 16 14 16
6 3 1 1 6 0 6
3 3 0 5 3 7 5 7 7 9 9 13 11
2 0 2 3 6 4 6
5 3 1 5 0
3 3 0
3 3 0
2 0 4 2 7 4 6 6
2 8 4 8 7 7 4 0 8 11 9 13 11 15 13 17 15 13 13
2 0 4 2
4 4 4 0
12 3 1 5 3 12 9 9 6 12 12 0 12 12 14
4 4 4 0
4 4 4 0 4 5 5 9 7
3 3 0 5 3 5
0 1 4 1 4
3 3 0 3
3 3 0
4 4 2 0 4 4
3 3 7 7 7 7 0 7
4 1 4 0 6 4
0 1 4 1
2 3 0 3
0 3 1 3
2 0 2
4 4 4 0 6 4 9 9 4
2 5 2 5 0 5 8 6
2 0 4 2
2 14 4 14 4 4 11 10 10 11 4 14 14 0
3 3 0 6 6 3
3 3 0
4 4 4 0 4
2 0 4 2 6 4
4 4 4 0
3 3 0
9 1 1 5 3 7 5 7 0 9 10
2 5 5 5 0 7 5 7
3 3 0 3
5 1 1 5 0
5 1 5 5 0 5 8 5 10 8 12 5
3 3 0
3 3 0
2 7 2 7 7 7 0
5 5 5 5 0 5
2 0 2 3 4 5 8 6
2 0 2 5 2 5
2 0 2 3 3 7 5
0 1 4 1 4
0 4 4 1 6 4
3 3 10 10 6 4 10 10 8 0
3 3 0 5 3 3 6 6 10 6 10
2 0 2 5 2 7 2 9 7 7
2 9 2 2 6 9 6 9 0 11 9 11 14 9
0 1 1 1 4
4 1 1 0 4 7 5
8 8 2 2 6 4 8 0
2 0 4 5 2
2 7 5 5 2 7 0
5 1 5 5 0
6 6 5 5 6 0 6 9 6
2 0 4 2 6 4
3 3 0 5 3 5
2 0 4 2 2 5 5 7 7
3 3 0 6 6 3
2 0 2 3 6 4 6 9 7 9 12 2 2 13
2 6 2 6 6 0 8 6 10 6
4 4 4 0 6 4 6
2 0 5 5 2 7 5 7
6 6 6 6 6 0 6 10 10 7 10 11 14 10
9 1 1 3 9 9 9 9 0
3 3 0 3 4 5 8 5 8
2 0 4 2 4 2 8 2
2 5 5 3 0 7 5 7 5 9 12 9 14 12 16 12
3 3 0 5 3
3 3 5 5 9 9 6 9 0 11 9
2 6 2 5 6 0
3 3 5 5 8 8 8 0 11 11 8 11 12
5 3 1 3 0 7 5 7 8
3 3 0 5 3 5 5 9 5
2 0 2
0 3 4 1
4 4 4 0 4
0 1 1 1 6 4
2 3 7 3 7 7 0
5 3 1 5 0
3 3 0 5 3 7 5 9 10 7
3 3 4 15 6 4 15 9 7 11 9 11 12 15 0
2 0 4 2
3 3 0
2 0 2
2 11 4 2 4 5 8 5 11 11 0 11
3 3 0
2 4 4 0
4 4 4 0 8 7 8 4
4 1 4 0 6 4 8 6 8 12 12 8 12 12 16 14
3 3 0 3
2 0 2
3 3 0
4 4 4 0
2 0 2
2 0 4 2
2 0 2
4 4 4 0 6 4 6
4 4 4 0 6 4 8 6 8 4 12 10 14 10 16 10 18 16 18
4 4 4 0 4
2 0 2 2
2 0 2
2 0 2
3 3 0
3 3 0
2 11 4 2 4 7 5 7 11 11 0 11 15 15 11
2 9 2 5 2 7 9 9 0 11 9 13 9 13
3 3 0 3 6 3
3 3 0 3 6 3 6
6 3 1 3 6 0
0 3 1
2 0 4 2
2 0 5 5 2 7 5
2 0 4 2
3 3 0
2 0 4 2
3 3 0
2 0 2
3 3 0 3 6 3 6 6
2 0 5 5 2 7 2 7
2 0 2 5 2
2 0 4 2 6 4
3 3 0
3 3 0 5 3 5
6 3 1 6 6 0 9 9 6 11 9 11 12 12
3 1 0
2 0 2 6 6 3
2 0 4 2 6 2 6 7
0 1 1 1 4 5
3 3 0 5 3 7 5 9 7 9
5 3 5 5 0 5 6 7 8 5 12 10 12 16 16 13 16 5 18 19 20 5 22 22 26 24 26 27 30 27 30 31
3 1 0 5 3 5 6
2 12 2 5 3 7 3 9 7 9 12 0
10 1 4 2 6 1 8 6 10 0 10 11
2 0 2 5 3
11 3 1 3 6 4 11 7 8 11 0
3 3 0 3 4 9 9 9 3 9
3 3 0 3 6 4
3 3 6 5 3 0
2 0 4 2 4 7 4 10 10 7 12 13 10
9 1 2 3 6 3 9 9 0
2 6 4 2 6 0 8 6 8 9 13 13 6 15 6 15 18 15 18
3 3 5 5 0
2 0 2 3
2 6 2 6 6 0
9 1 4 2 2 5 6 9 0 11 9 11 14 12 16 11 16 16 11 21 11 21 22
3 3 0 5 3 8 8 3 10 8 10 10 8 13 14
2 0 4 5 2
3 3 6 5 6 0
2 0 2 5 2 5 6
0 3 1 1
2 5 5 5 0 5 6 10 10 5
2 0 2
6 1 2 2 6 0 8 6 8
2 4 4 0
2 0 4 2
4 4 4 0
4 1 4 0 4 7 4 7
2 0 2 2
6 3 1 6 6 0 8 6 11 11 8
2 0 2 3 2 5 5
4 4 4 0 4
0 1 1
9 3 1 5 3 7 3 7 0 11 9 13 11 13
4 1 4 0
0 1 1
2 0 4 2
2 0 2 2
2 9 4 2 6 2 6 7 0 11 9 13 9 13 14 15 9 9
3 3 0 3 6 4 6 9 3 11 9
2 0 4 2 7 7 4
4 1 4 0 4 5 8 5 8
2 0 4 2 7 2 6 6
2 6 2 6 6 0 8 6 8 11 8
2 0 2
3 3 0 3 3 3 10 10 10 6 12 10 16 10 14 14 14 17
4 4 4 0 4 7 4 9 7
4 1 4 0 4 7 5
2 8 8 6 6 3 6 0
2 8 8 3 8 8 8 0
2 4 4 0 6 4 6
6 1 2 6 6 0 6
2 0 4 2 7 7 2 10 10 2 10 14 14 11 11 15 15 15 18
2 3 0
2 0 2 5 2 5
0 1 2 6 6 1 6 7
2 0 4 2 4 8 8 2
3 3 0
2 0 2
4 4 4 0 6 4
3 3 0
2 3 0
2 0 2
3 3 0
3 3 0
3 3 0
5 1 5 5 0
2 0 2
4 1 4 0 6 4 6
2 0 2 3
5 5 4 2 0 7 5 9 7 12 10 5 15 15 12 15 18 12
3 1 0 6 4 3 6 11 10 11 6 11 14 6 16 6 16 20 20 17
4 4 4 0 6 4 8 6
12 12 12 3 4 3 3 7 10 7 12 0 14 12 14 15 18 16 18
3 3 6 5 6 0 6 6 10 8 12 6 14 12
4 4 4 0
4 1 4 0 4 5 10 10 10 4
2 0 4 2 4 7 4 10 10 7
11 1 2 5 3 2 6 6 11 11 0 11 15 13 11 18 18 15
2 0 4 2 6 4
2 7 2 5 3 7 0
9 3 1 3 6 4 6 9 0 12 12 9 12
2 4 4 0 4 7 5 9 7 11 9 4 12 13 16 14 12 17 17 19
2 5 5 5 0
2 13 2 3 3 5 6 9 6 11 13 11 0 13 16 14
2 0 4 2 4
3 3 5 5 0 5 8 6 8 11 8 11
2 6 6 6 6 0
3 3 6 5 3 0
3 3 0 5 3 7 5 10 10 5
2 0 2 3
0 1 4 1 4
2 13 2 3 6 13 8 6 10 8 13 13 0 16 16 13 13 19 20 17 20 24 20 23 23 28 28 25
5 1 5 5 0 8 6 5
2 15 4 2 4 7 15 7 15 9 10 15 15 15 0
2 6 6 6 6 0
2 5 5 5 0 5 8 6
2 0 2 3
3 1 0 5 3 7 3 11 11 11 3 13 11 13
2 0 2 3
3 3 22 5 3 7 5 22 8 11 8 8 8 13 16 13 18 16 20 18 22 0 24 22 26 24 26 29 24 31 29 31
3 3 0
0 1 4 1 4
2 6 2 3 6 0
5 1 2 5 0
3 3 0 5 3 5 8 5 10 5
6 1 4 2 6 0 8 6 10 6 10 6 12 12 12 12 16 17
3 3 0 3 4
2 0 5 5 2 7 2
2 5 5 5 0 7 5 12 11 11 12 7 14 12
4 1 4 0
3 3 0 5 3 3 8 3
3 3 0 5 6 3 6 6 8
10 10 2 2 10 10 9 9 10 0 12 10 14 12 16 12 16
2 0 2 3
2 13 2 3 6 4 6 9 7 9 13 13 0 15 13 15 18 15 20 18 22 18
3 3 0 5 3 7 3 10 10 7 12 7 15 15 7 15 18 15 20 18 22 20 22
2 0 4 2 6 4 6
2 0 2 3
11 3 1 5 1 5 6 7 7 11 0 13 11 15 11 17 15 19 15 19
6 3 1 6 6 0 6 10 10 6 6 13 11 15 13 18 18 11
2 0 2 3 3
10 3 1 1 6 4 6 7 10 0 12 10 14 12
3 3 11 5 3 7 3 7 11 11 0
5 5 5 5 0 7 5 7
3 3 0 5 3 5 6 6 10 6 10 3 12 12 14 14 18 3 20 18
4 4 4 0
3 3 0 5 3 9 5 7 7 7
4 4 4 0 6 4 8 6
2 0 4 2 6 4 8 2 8 11 8 11 14 12 14
3 3 0 3 6 3
4 4 4 0 4 7 4
3 3 0
2 5 5 5 0
3 3 0 5 3 8 8 5
2 5 5 5 0 5
3 1 0 3 6 4 8 6 10 3 12 10 12
4 1 4 0 6 4
2 7 7 3 3 7 0 10 7 9 9
2 0 5 5 2
2 4 4 0 4 7 4
3 3 0 6 6 3
2 3 0
5 4 4 5 7 7 0 7 8
2 4 4 0 6 4 8 6
2 6 2 5 6 0 8 6 8 11 6 13 11 13
2 0 2 3 3 7 5
2 0 4 2 6 4 8 2 8
2 0 2 3 7 7 2 7 10 8
2 4 4 0 9 8 8 9 4 11 4 11
2 4 4 0 4 4 6 6 4 9 9
3 3 8 8 8 8 8 0 11 11 8 11 11 15 13 15
2 0 2 5 2 5
3 3 0
2 0 4 2 4 8 8 2 8 8 10 10
6 3 1 3 6 0
2 16 4 2 4 7 4 2 10 2 10 13 11 16 16 0
2 0 2 5 3 7 5 9 5
3 3 11 11 4 7 4 4 10 8 0 14 14 11 11 15 16
5 3 5 5 0 7 5 7
3 3 0
3 3 12 5 3 5 12 12 8 8 12 0 12
2 0 2 5 3 7 5
2 3 0 3 7 7 3 9 7
2 9 2 5 3 5 9 9 0
2 0 5 5 2 7 2
3 3 0 3 4
3 3 0
2 0 4 2 6 4 8 2
3 3 0 5 3
3 3 0 5 3 7 3
0 1 4 2
0 1 1
4 4 4 0
2 5 5 5 0 5 6
2 0 2 6 6 2
2 0 2
2 0 4 2 6 4 8 6 10 2
2 6 4 6 6 0 8 6 8
3 3 4 6 6 0 8 6 10 8
2 0 2 5 3 5
3 3 0
2 0 4 2 6 2 8 6 10 2
2 7 2 7 4 7 0
2 0 2
2 3 5 5 0 7 5 7 10 7
2 0 2 3 6 4 6
3 3 7 7 4 7 0 7 7 9 12 9 12 15 13 17 13 17
3 3 0 5 3
3 3 0 5 3 5
11 4 4 1 4 7 11 7 11 11 0 11
2 0 2 3
4 1 1 0 4 7 5 7
2 0 4 2
6 3 1 6 6 0
3 3 7 5 3 7 0 7
5 1 1 5 0
10 1 5 5 1 5 10 10 10 0 12 10
0 3 1 3
2 0 4 2 7 7 2
2 8 4 2 8 8 8 0 8 9 12 9 8 16 16 13
2 4 4 0 4 7 5 9 4 9
2 0 4 2 4 2 6 7 7 7
2 6 2 2 4 0
3 3 0
3 3 0 5 3 5 3 7 10 8 10
3 3 4 0
3 3 8 8 8 8 8 0
2 0 4 2 6 2
2 0 2
4 4 4 0
2 0 2
3 3 0 3
2 0 2
3 3 0 3 6 3 6
3 3 0 3 4 7 5 7 7 7
2 7 4 2 7 7 0 7
2 0 2 3 6 3 6
2 4 4 0 6 4 8 6 8 9
4 3 1 0
2 0 4 2
4 4 4 0
5 5 5 5 0
3 3 0 3 4 7 5 7 7
4 3 1 0 6 4
0 3 1 5 3 5 9 9 1 9
3 3 0
3 3 5 5 0 5 8 6 10 6
3 3 0 5 3 7 5 9 3 9 10
4 1 4 0 6 4 6 9 4 11 9 11 11 15 13
3 3 0 5 3 5 8 6 8
3 3 0 5 3
2 0 2 3 2 5 6
2 0 6 5 6 2 2 7 10 7
2 0 2 5 2 2
2 0 5 5 2 7 5 2 2 11 9 11
4 1 4 0 4 4 8 6 8 9 10 11 14 12
2 11 2 11 7 7 4 7 7 11 0 14 14 11 16 14
2 6 2 3 2 0 8 6 8 6 6
2 0 4 2 4 7 5 4 10 4 10 14 14 10
2 4 4 0 4
3 3 0 3
3 3 0 5 3 5 8 6 10 6 10
3 3 0 3 6 4 6 9 6
3 3 0 7 7 7 3 3 10 8 12 3
3 3 0 5 3
0 3 1 5 3
3 3 0 5 3
4 4 4 0 4
3 3 0 3
5 1 5 5 0 9 8 9 5 5 12 10
2 6 4 2 6 0 8 6 8
2 0 2
3 3 0 3 4
2 0 2 5 2
10 3 1 5 1 7 5 7 10 0 10 15 14 15 10 10 18 16
2 4 4 0
10 1 4 2 4 7 5 10 10 0 12 10
4 4 4 0 4 7 5 7 10 8 10 10 14 12 16 12 16 17
2 6 6 6 6 0
2 0 2 5 3 7 5 9 2
2 4 4 0 6 4 8 6 10 6 12 6 12 13
4 4 4 0 4 4 8 6
9 3 1 3 4 4 9 9 0 11 9 13 11 13 13
2 0 2 3 6 2
2 0 2 3 4 3
4 4 4 0 7 7 4 9 4
3 3 0 5 3 7 5 9 5 9 13 13 3 13 16 14 16 20 20 14 22 20 24 14
5 1 5 5 0 9 8 9 5 11 5
5 1 5 5 0 8 8 5
2 4 4 0 4 5 6 6
3 3 5 5 0
2 0 4 2 6 4 8 2 10 8 13 13 2 15 13 17 13 20 20 17 22 20
6 1 4 2 6 0 8 6 10 8 12 10
3 3 0 3 6 3 8 3 8 9
2 0 4 2 7 7 2 9 7
9 3 1 5 3 9 9 9 0 9
2 4 4 0 7 7 4
4 1 4 0
2 0 2
2 0 2 2 4 7 4 9 7 9 12 2 14 12 16 14 12 17 18 19 22 20 24 20
2 5 5 5 0 7 5 9 5
2 0 4 2 4 7 4
5 5 5 5 0 5 6 6 6 9 12 5 12 15 12 17 5 17 20 18 22 20 24 22 24 25 28 25
3 3 6 5 3 0 6 10 10 7
2 13 2 6 6 2 6 7 13 13 13 13 0
3 3 0 5 3 7 5 9 7
9 3 1 5 1 7 5 5 10 0 12 10 14 12 16 14
2 4 4 0 4 5 9 9 4 11 9
3 3 0 3 6 3 8 6 8
2 17 4 2 6 2 9 9 10 17 10 13 10 13 17 17 0 20 20 17
2 6 6 3 3 0 6 9 7 9
2 5 5 5 0 5
2 6 2 6 6 0 9 9 6 12 10 9
5 1 5 5 0 10 5 7 7 7 7 11 11
2 0 4 2 6 4 2 2 16 9 10 9 9 15 13 2
2 3 5 5 0 7 5 7
6 1 1 3 6 0 6 9 7
2 8 2 8 4 8 8 0 12 12 12 8 14 12
2 8 5 5 8 8 8 0 8
7 1 4 1 1 7 0 10 10 7 12 10
2 5 5 3 0 7 5 10 10 7 12 5 14 5 16 14 16 20 17 19 19
5 3 1 5 0
3 1 0 3 3 5
2 0 2 6 6 2 2 2 2
2 0 4 2 4 2 6 7 6
3 3 0 5 3 7 3
2 0 4 2 6 2
6 5 2 2 1 0 6 9 7 12 12 9 7 7 14
2 9 2 3 6 3 9 9 0 12 12 9
2 0 4 2 4
2 0 2
11 1 4 1 4 4 8 6 11 11 0 13 11 13 16 13 16 19 17 21 17
3 3 0 5 3 8 8 5
2 5 5 5 0
3 3 0 5 3
4 4 4 0 4 5 4 9 7 9 12 10 14 7 7 15 18 15 18 15 15 21
2 0 2 3 3 7 5 7
5 5 5 5 0 5 9 9 6 9
2 0 2
3 3 0 3 4
2 0 2 6 6 2
2 0 4 2 4 7 2
2 8 8 3 3 8 8 0 10 8 12 8 14 8
5 5 5 5 0 5
2 0 2 3 2
6 6 2 6 6 0
2 5 5 5 0
2 8 2 8 4 4 8 0
2 0 2 5 3 8 6 5
3 3 0 3 6 3 6 7 10 7
3 3 0
2 0 4 2
2 0 4 2 6 2
2 0 4 2 6 4
2 11 2 3 3 8 8 2 8 11 0 11 12 15 13 13 16 20 20 16
2 5 5 5 0 7 5 7
4 4 4 0 4 7 5 9 7 12 12 5 12 15 12 15 16
2 4 4 0 7 5 4 9 7 11 9
4 4 4 10 6 4 10 10 10 0 14 14 14 10 14 18 18 14 14 21 19 23 21 25 21
3 3 0 3 6 3 6
8 1 4 2 8 8 8 0 10 8 12 8 12 15 12 17 15 17
2 7 7 5 7 7 0
3 3 0 7 6 7 3 9 3 9 10 13 10 10
11 11 2 5 2 5 8 6 11 11 0 13 11 13 13 17 11
10 3 1 1 1 7 5 10 10 0 10 13 10 15 13 17 10 17 20 17 22 20 22 25 22 25
2 3 0 3 3
2 7 4 2 4 7 0
5 1 5 5 0 5 8 5 10 8 10 18 5 15 13 17 13 13 13 21 19 39 22 31 27 27 28 23 30 28 28 34 34 35 28 37 35 39 5 41 39 41 42 43 46 42 48 46 48 51 39
3 3 0
2 0 2 5 3 7 5 2 8 11 8 11
2 0 2 3 4 7 4 9 7 11 9 13 2
2 4 4 0 4 5 8 5 8 11 9
4 1 4 0 4
2 0 4 2 8 8 8 4 10 8 10 11
4 4 4 0
3 3 0 5 3 7 5 10 10 5 10
2 4 4 0 4 5 8 4 8
3 1 0 3 3 3 6
4 1 4 0
2 0 4 2 4
2 4 4 0 7 5 4 4 8 12 12 8 14 4 14
8 8 8 5 8 8 8 0 11 11 8 13 11 15 13
8 3 1 3 3 8 8 0 10 8 12 8 12 12
6 6 6 6 6 0 8 6 10 6
10 4 4 1 4 4 8 1 10 0 12 10 15 15 12 17 15 17 15 21 19 23 21
3 3 0 6 6 3 3 9 7 9 7 7 12 16 16 12 16 19 16 19 22 20 22 23 23 25 25 19 30 19 30 33 31 33
2 0 2
4 4 4 0 6 4 9 9 4 11 9 11
3 3 8 5 3 5 8 0 10 8 12 10
3 3 5 5 0 5 8 6 8
5 1 1 5 0
2 0 2 6 6 2 6 7
4 1 4 0 7 7 4 9 4 11 9
4 1 4 0 6 4 6 9 7
2 19 2 9 3 5 8 5 5 5 10 13 10 15 3 18 18 15 0 19 20 21 24 21 19 27 25 25 28 28
2 5 5 5 0 7 5
2 4 4 0 6 4
3 1 0 6 6 3 3 7
2 4 4 0 6 4 6 7 7 11 9
2 0 4 2 6 2 8 6
0 1 4 2 4 5 5
5 5 4 5 8 8 8 0 8 8 8
3 1 0 3 3
3 3 0 5 3 5
2 12 2 12 7 4 6 6 10 8 12 0
2 0 2 3 2 7 5 10 10 7 10 7 14 7
0 1 1
2 0 2
2 0 4 2 4 7 2 10 10 7 12 13 10
5 1 4 2 0
5 3 1 5 0
2 0 2
0 3 1
2 7 2 5 3 5 0
2 12 6 5 2 5 8 5 11 11 2 0 14 12 14
2 3 0 3 6 4 6 9 6
2 9 4 2 9 5 8 6 0
8 1 8 6 6 8 8 0
3 3 0 3
0 3 1 5 1
2 0 4 2
3 3 0
2 0 5 5 2 7 5
2 9 2 5 2 7 9 9 0 9 12 10 12 15 13 17 13
2 0 4 2 2 5
2 3 0
2 3 0 3
2 6 6 3 4 0
0 1 5 5 2 8 8 5 8 11 8
6 3 1 3 6 0 8 6 8 11 6 11 14 12 14
5 1 2 5 0 5 6
2 0 2 3
3 3 0 5 3 5
3 3 0
2 0 4 2 4 5 8 6 8 2 10 13 10 15 13 15 16 17
2 7 4 2 7 7 0 9 7 11 9 13 11 15 7 15
4 4 4 0 6 4
4 4 4 0 7 5 4 9 4
2 9 4 9 6 4 6 9 0 11 9 13 11 9 14 14 18 16 9 19 19 19 22 25 22 25 22 29 27 29
8 1 2 3 1 1 8 0 10 8 12 10 8 13 16 13 13 20 20 13 20 20 20 20 20 20 20 20 20 20 20 31 31
3 3 0
2 10 4 2 6 4 6 10 10 0 10 11 14 11 14 10 18 16 18
7 7 7 7 7 7 0 7 8 8
3 3 0 5 3 8 8 5 11 11 8 13 11 15 8 15 16 16
3 3 0 3 6 4 6 7
2 0 2 6 6 2
6 1 4 1 4 0 8 6 8 8 8 14 14 8 14 15 18 15 18 19 19
2 0 2 5 2 5 8 2 10 8
3 3 0 7 7 7 3 9 7 9
4 1 2 0 4
3 3 0 5 3
18 4 4 1 6 1 6 1 1 11 9 13 9 13 18 18 18 0 21 21 18 21
3 3 8 8 8 8 8 0
5 1 5 5 0 7 5
11 1 4 2 4 5 11 11 11 9 0 14 14 11 16 14 24 17 20 18 24 23 24 11
20 1 1 5 3 5 8 5 8 11 8 14 14 15 11 15 15 20 20 0 20
3 3 0
2 0 4 2
6 3 1 6 6 0 8 6
2 30 2 3 7 3 6 6 10 3 12 10 12 2 16 2 18 16 30 21 19 21 19 19 28 27 28 24 28 0 30 30 34 32 34 38 34 37 37 39 42 40 42
3 3 0 5 3 5 5 9 5 9 10 14 10 13 13
3 3 0 3 7 7 3 7 7 11 9 11
4 4 4 0 6 4
2 7 5 5 6 7 0
7 1 4 1 4 7 0
2 0 5 3 6 2 6 10 10 2 13 13 10 10
6 3 1 3 1 0 6
3 3 8 5 3 5 8 0 8 11 9 11 14 9 16 14 19 19 14
6 6 6 6 6 0 8 6 8 9 9
3 3 0 5 3 8 8 3 8
2 8 4 2 4 5 8 0 8 11 8 14 14 8 14
5 1 5 5 0 8 8 5 10 5 10 14 12 11 16 14 16 20 20 5 22 20 22 22
3 3 0 5 3 7 3 7 8 3 13 13 10 15 13 17 10 17 20 10
2 5 4 5 0 7 5
2 25 2 5 3 7 5 9 7 9 9 13 11 17 3 15 15 15 18 18 20 25 22 25 0 27 25 29 31 29 25 33 31 31 36 34 36 39 37
2 7 2 5 3 7 0 9 7 9
2 18 4 2 4 7 4 18 8 8 12 10 14 12 16 14 18 0 20 18 20 25 20 23 23 23
4 4 4 0 6 4 8 4 11 11 8
0 3 1 1 1 5
4 4 4 0 7 7 4
3 3 0
2 0 2
5 5 5 5 0 7 5 11 11 11 5
5 1 1 5 0 5 5
2 0 2 2 4 7 4
2 13 2 3 4 3 6 6 13 9 13 13 0
2 6 6 6 6 0 8 6 10 6 12 6 12 15 12 18 16 6 18 21 18
4 4 4 0 4
6 1 2 6 6 0
5 1 5 5 0 7 5 10 10 5 12 10
2 0 2 7 7 7 3
3 3 21 6 6 3 6 7 7 11 3 11 11 15 11 15 18 15 18 21 0 21
3 1 0 5 3 5 8 6 14 9 10 13 10 3 14 18 18 14 18
2 9 4 2 4 4 9 9 0 12 12 9 15 15 9
4 4 4 0 6 4 8 6
2 12 4 2 6 4 8 6 8 12 12 0 14 12 16 14
4 4 4 0 7 7 4 7
7 3 1 6 6 1 0 9 7 9 7 11 11 7 14 15 14 14 18 19 22 19 22 22 26 24 26 27
2 0 5 3 2 8 5 7 7 11 9 13 11 2 2 15
2 0 2 6 6 3 6 9 7 11 7 6 15 15 6 15
2 0 2 3 4 5 8 5 10 8
8 3 1 3 6 4 8 13 10 8 10 8 0 15 13
4 3 4 6 6 0 6 9 6
3 3 0 3
5 3 1 3 10 5 10 9 10 0 10 11 12
3 3 13 3 4 5 5 9 5 9 13 11 0 13 16 14
4 4 4 0 6 4 6 7
3 3 0 3 4 7 3 7 10 8
3 3 8 8 4 8 8 0 12 12 12 8 12
2 7 2 7 7 7 0
2 4 4 0 4 7 5 5
7 3 1 5 3 5 10 10 10 0 12 10 12 15 13 17 15 19 17 12 23 23 12 26 26 23 28 26 28
2 6 2 3 6 0 6 7
3 3 0 5 3 5 5 9 5 11 9
2 11 2 5 3 7 5 11 8 11 0 13 11 11 14 17 11 11 18 18 18 18
3 3 0 3 6 4 6 7
2 12 12 3 6 3 8 6 12 12 12 0 20 13 16 13 16 19 13 12 20 24 24 20 20 25 26
2 12 2 5 12 5 8 6 10 8 12 0 14 12 14 14 16
3 3 10 3 10 5 5 10 10 0 12 10 14 10 16 10 16 17 16 19 16 24 24 16 27 27 24
4 4 4 0 6 4 6 6 8 9 9
3 3 13 3 4 4 6 13 10 8 8 8 0 13 16 14
0 1 2 2 4 4 8 6
3 3 0
3 3 0 3 4
5 1 2 5 0 5 6 5 11 11 8 11 15 12 14 14 18 11 18 19
3 3 18 5 3 18 9 9 6 11 9 11 14 11 11 15 18 0
2 0 2
2 4 4 0 4
2 5 4 5 0
2 6 2 5 3 0 8 6 8 11 8 11 6
2 0 2 3
3 3 0 5 3 3
3 3 0 3
2 0 2 5 2
2 4 4 0
2 5 5 5 0 7 5 9 5
2 0 4 2 8 7 8 2
2 4 4 0 6 4 6
2 4 4 0
2 0 2
3 3 5 5 0 5 6 6 10 5 10 13 11 16 5 15 15 19 17
3 3 6 6 4 0
2 0 4 2 4
3 1 0
5 3 1 5 0 5 8 6 8
3 3 0 5 3 5
2 4 4 0 4
2 6 2 2 6 0
3 3 0 5 3 7 3 7 8
2 0 2 3 6 3
3 3 0 3
2 8 4 2 8 5 8 0 8 9 12 8 12 15 8
2 5 5 5 0 5 6 7 8 11 8 11
2 0 2 5 2
4 1 4 0 4 4 8 6
4 4 4 0
6 6 4 2 4 0 6 6 10 6 14 14 14 10 16 14
4 4 4 0 6 4 8 6 10 8 10 13 6
2 7 4 2 4 4 0 10 10 7 10 10 14 12 14
4 3 1 0 6 4 8 6 10 4 10 11
2 13 2 3 3 7 5 7 13 9 9 13 0 13
3 3 0 5 3
3 3 6 6 4 0
3 3 0
3 3 0 5 3
2 6 2 6 6 0 8 6 8 9 9 13 6 13
2 0 2
3 3 4 12 6 4 6 9 6 9 12 0 14 12
2 4 2 0
4 1 4 0 4
3 3 0 5 3 7 5
2 0 2 5 2 5 6 7 10 8 8 13 8 13 14 17 14 17 2 19 22 19 22 25 23 19 19 29 27 31 27
3 1 0 3 4
11 4 4 1 6 1 6 11 11 11 0 13 11
2 5 5 5 0
2 0 2 5 2 5
3 3 0
3 3 0 7 6 3 6 9 6 12 12 9
3 3 0 3 4
2 0 5 3 2 7 5 7 11 11 2 11 14 12 2 2 18 19 2 21 19 19 22 23 23 27 22
2 6 2 6 4 0
4 4 4 0 7 7 4 7
2 0 4 2 6 2
2 0 2 3
2 0 2
3 3 0 5 3 7 5
3 3 19 3 4 7 4 7 4 11 9 11 14 12 14 19 16 19 0
2 0 5 5 2 2 6 7 12 12 12 8
3 1 0
2 0 2
4 4 4 0 6 4 9 6 8 11 8 6 15 12 14 14
4 1 4 0 4 4 6 6 6
5 1 5 5 0
3 3 0 5 3 7 5 5 8 9 10 10 14 10 14 14 18 16 18
13 1 4 1 6 4 9 4 8 8 13 13 0 19 13 15 18 15 15 15 20
2 0 2
2 4 4 0 4 7 5 15 7 9 10 11 14 12 9 9 18 16 20 18 20 25 25 25 20 27 20 27
2 0 4 2 4
2 20 2 3 3 2 8 2 11 11 8 13 11 11 16 14 16 20 20 0 20 20 22 23 22 25 26 27 27 29 32 29 34 26 36 34 38 34 40 38 38 45 45 45 41
2 0 2 3 4 3 9 9 6 9 9 13 11 13
3 3 4 7 7 5 0 7 8 13 12 9 12 15 12 17 9 17 18 21 18 21 24 9 24 27 25 29 27 29 32 25 32 33 34 34 38 34 38 38
3 3 17 5 17 5 17 9 7 11 7 13 7 17 17 17 0 19 17
6 1 2 6 6 0 8 6 10 6 13 13 10 15 6 15 19 15 18 18 23 23 15 25 23 25
5 1 5 5 0
6 1 6 6 6 0 8 6
2 8 4 2 8 5 8 0 8 8 10 13 10 13 14 17 15 17
5 5 5 5 0 7 5 7
4 4 4 0
2 0 4 2
4 4 4 0 6 4 6 7 10 8
19 1 1 1 7 7 4 7 10 8 12 10 12 10 16 14 19 19 0 21 19 23 21 23
4 4 4 0 6 4 6
3 3 0
8 1 1 5 3 8 8 0 10 8 12 8
2 7 7 7 7 7 0 7 10 7
2 5 5 3 0 7 5
2 0 2 6 6 3 8 6
3 3 6 3 6 0 8 6 10 8 12 6 12 12 16 12 16
3 3 0
2 0 4 2 2
2 4 4 0 4 5 5
10 3 1 5 1 5 10 10 10 0 12 10 12 16 16 10
3 3 0 6 6 3 8 6 11 11 8 14 14 8
3 3 0 3 3 7 5 7
15 4 4 1 6 1 6 9 7 15 12 10 12 15 18 18 18 0 18 19 24 24 24 18 26 24
2 4 4 0 6 4 6 6
2 13 4 13 4 4 13 7 13 13 13 13 0
3 3 0 6 6 3 8 6
7 3 1 7 7 5 0
3 3 0 5 3 5 8 6 8
4 1 4 0 4
2 0 5 5 2 2 8 6 2 9 9
2 0 4 2 2 7 2 7 7 11 7
7 3 1 5 3 7 0 9 7 12 12 7
4 1 4 0 6 4 6 10 10 7
3 3 0 3 3 5 5
2 3 0
2 8 2 3 6 8 8 0
2 0 5 5 2 7 2 7
2 9 4 9 9 8 8 5 0 9 12 10 14 12
5 3 5 5 0
4 4 4 0 4 7 5 9 7 11 7 13 11 13 17 17 13
10 3 10 5 3 10 10 10 10 0 12 10 14 12
3 3 0 5 3 5 8 5 10 8
2 4 4 0
2 0 4 2
2 3 0 3 4
2 0 4 2
2 0 2
3 3 0 5 3
2 10 2 5 10 5 6 10 10 0 10 11
0 1 1 3
3 3 0 5 3 7 3 7
3 3 0 3 4 7 5 7 8 8 8
3 3 0 3 7 7 3 7
5 1 5 5 0
3 3 0
4 4 4 0
6 4 4 1 6 0 8 6 8
6 3 1 3 6 0
2 0 4 2 6 2 8 6 8 12 12 8
2 0 2 3
3 3 0 3 6 4 8 6
2 15 2 3 6 15 6 7 15 9 15 15 15 15 0
4 4 4 0 4
3 3 0
4 1 4 0
2 0 4 2
3 3 0 5 3 5
0 4 4 5 1 1 6 9 7 11 7 11
4 1 4 0 6 4 4 7 10 8 10 13 11 15 10 15
4 4 4 0
0 1 5 5 1 5
18 1 1 6 6 3 8 6 10 3 10 14 10 13 13 18 18 0
3 3 9 5 3 5 9 9 0 9 12 10 12 12 16 12 16
2 6 6 6 6 0 9 9 6
7 1 7 7 7 7 0
2 5 5 5 0 7 5 10 8 7 13 13 10 13
4 1 4 0 6 4 6
2 10 2 10 4 4 4 7 10 0 14 14 14 10 17 14 16 16
4 1 1 0 6 4 10 9 10 4 12 4 4 13 16 13 18 13
5 1 5 5 0 7 5 9 5 9 10 13 10
2 14 4 2 4 5 9 9 2 11 9 14 14 0 14 17 14 17
8 1 2 8 8 8 8 0
2 10 2 5 3 10 6 10 10 0 12 10 12
4 1 4 0 7 7 4 9 4 9 10 4 12 12
3 3 0 3 6 3 3 10 10 3 10 11 11
8 1 2 3 3 8 8 0
2 7 4 2 4 7 0
2 0 4 2
3 3 0 3 7 7 4 10 10 7 12 10 14 12 14 17 15
10 3 1 5 1 7 1 7 10 0 13 13 10
3 3 0 5 3 7 3 7 7
9 3 4 1 4 7 4 9 0 12 12 9
2 0 4 2
9 4 4 5 1 7 5 9 0 11 9 13 9 16 16 13 18 16 18
2 4 4 0
7 3 1 5 1 5 0 7 7 11 9
3 3 0 5 3 5 6 6 8 8
18 4 4 1 4 7 5 9 1 9 12 10 12 18 18 18 18 0 18 21 18 21
2 14 4 2 2 7 5 9 7 11 7 11 14 0
2 3 8 5 3 5 8 0 8 9 9
2 0 2 3
2 0 4 2 4 4 6 6
4 1 4 0 6 4 8 6 6 12 12 6 14 12 17 17 12
5 1 5 5 0
10 1 4 2 4 7 5 7 10 0
3 3 0 3 6 4 6 7 7
4 4 4 0 6 4
3 3 0 3 6 7 4 9 3 9
3 3 0 7 7 7 3 9 7 9 7 7 7 13 13
0 1 2
2 8 8 3 4 5 5 0 10 8 8 11 14 11 14 17 8
3 3 0 3 6 3 6
14 3 1 1 6 4 14 9 7 9 14 14 14 0 14 17 14 17 18 21 19 23 14 23 24 24 23 29 23 29 30 30 34 32 36 34
3 3 0 6 6 3 8 6 10 6 12 6 12
3 1 0 3 4 8 5 7 7 9 12 10 12 15 3
2 4 4 0 6 4 8 4 8 11 9 13 11 9 9 17 15
7 3 1 6 6 3 0 9 7 7 12 10 14 12
4 4 4 0 4 5 6 7 6 6 10 10
2 0 2 2 4 7 5 7
2 6 6 6 6 0
0 1 1 5 3 5 8 1
2 5 5 5 0 5 6 9 6 9
2 0 2 2 6 4 8 4 8
2 14 2 5 3 5 8 3 10 8 14 11 14 0 14 14 16 16 20 18 20
3 3 0
3 3 6 6 6 0 6 9 7 12 12 7 12 12 16 14
4 1 4 0
3 3 0
2 0 4 5 2 8 8 5
2 0 2 5 3 7 3 3 2
3 3 0 3 6 4 8 4 10 8 10 14 14 8
8 1 1 1 4 8 8 0 8 11 9
3 1 0
2 8 4 2 8 8 8 0
2 0 2
4 3 4 0 6 4 6
3 3 0 5 3 3 8 6 10 3
4 4 4 0 6 4 6 6 10 6 10 11 14 12
3 3 0
3 3 6 6 6 0 6 9 7 9 12 10 12 12 10 10 19 19 16 19
4 4 4 0 6 4 8 6
5 3 1 5 0 7 5
4 1 4 0 4 7 4 9 4 9 12 10 12 15 10 15 16 9 20 9 20 21 21 25 21 27 25 29 27 31 29 33 25 33
2 15 2 5 3 7 5 9 3 9 12 9 15 15 0 19 19 19 15 21 19
5 5 5 5 0
3 3 0 5 3 3 8 3 8 11 8
9 3 9 3 6 3 9 7 0 9 10 11 15 15 9
2 0 2 3 4
5 5 2 5 0 5 9 9 5 11 9 15 15 15 11
3 3 0
2 0 4 2 6 4 8 6 8 12 12 6 14 12 6 17 6 17
3 3 0
2 13 4 2 6 4 8 4 10 8 13 11 0 13 17 17 14 17
3 3 0 3 6 3
2 4 4 0 4 5
3 3 0
3 3 0
7 3 1 3 4 7 0 7 10 8 10 13 11 15 13 15
4 4 4 0 4 5 5 5 4 9 9 9 14 12
3 3 0 3
2 9 2 6 6 2 9 7 0 9 12 10 14 12 12 17 15 19 12
0 1 1 3 6 3
2 4 2 0 4 7 4 7
3 3 0
2 6 6 6 6 0
0 3 1 5 3 7 3 7 10 3 10 10 12 15 13 15 18 13
2 6 6 6 6 0
3 3 6 6 6 0 6 9 6 9
2 0 2
0 4 4 1 6 4 6
2 4 4 0
4 4 4 0 6 4
2 0 2 3
4 4 4 0 6 4 8 6 10 4 10 11 4 13 16 13 16
2 5 5 5 0 5 6
2 0 4 2
5 5 5 5 0 7 5
3 3 7 7 7 7 0
2 5 5 5 0 5
2 0 2 3
19 1 4 1 4 5 19 7 10 8 10 7 7 13 14 17 13 19 0 21 19 19
3 3 0 6 3 5 5 7 8
3 3 19 5 3 5 8 6 8 9 13 13 19 15 13 17 13 19 0 21 19 23 21 25 23 23
2 4 4 0 4 5 8 6
3 3 9 5 9 5 9 9 0 11 9 13 11 11 16 14
2 17 4 2 4 7 2 9 7 12 9 11 11 17 17 17 0
2 8 2 8 8 8 8 0 10 8
4 4 4 0 4 5 6 9 7 11 7 11 14 11
4 4 2 10 6 4 6 10 10 0 10 13 10 13 16 14 18 14 18
2 5 2 5 0 10 10 10 8 5 5
2 0 4 2 4
2 7 2 5 7 7 0 9 7 11 9 11
0 1 1 1 6 4
2 0 2 3 6 4
8 1 4 2 6 4 8 0 10 8 12 8 14 12 14
2 0 4 2 4 5
8 1 5 5 2 8 8 0
2 4 2 0 6 4 4 7 8 7 7 11
2 0 5 5 2
4 4 4 0 6 4 8 6 10 8 10 11
2 0 2 3 4
0 1 2 5 3 7 3 7 10 7 12 7
9 3 1 3 9 9 9 9 0 9 12 10 12
8 1 5 1 4 4 8 0 8
2 0 2 2 4 5 8 2 10 8 12 10 12 10 16 14 18 14 18
4 1 4 0 6 4 8 4 8
4 4 4 0 4 7 5 7 8 4 10 10 14 12
2 0 4 2 4
3 3 0
3 3 9 5 3 7 5 5 0 9
3 3 9 9 4 7 4 9 0 11 9 13 11
4 4 4 8 6 8 8 0 10 8 10 13 11 13 14 14
2 6 6 5 3 0 6 9 6 9 10 10
3 3 0 3 6 4
3 3 0 3 6 4
2 8 2 5 3 8 8 0 10 8
2 5 5 5 0 5 6
4 4 4 0 6 4 4 7
5 5 5 5 0 5
5 1 1 5 0 5 6 6 10 6
2 5 5 5 0 5 6 9 6
7 1 2 2 7 7 0 9 7 9 10
10 1 4 1 4 7 4 10 10 0 10 14 14 10
10 1 4 1 4 7 4 7 10 0 10 10 14 10 14
3 3 0 5 3 5 3 9 7 11 9
4 1 4 0 4 4 8 6
5 1 5 5 0 5 8 5 8
14 4 4 5 1 5 8 5 11 11 1 14 14 0 16 14
2 5 5 5 0 7 5 7 10 7
2 5 5 5 0
3 3 0 5 3
5 3 1 5 0 5 5 9 5 9
3 3 0
4 4 4 0 7 7 4 9 7
7 1 2 7 7 7 0
3 3 5 5 0 5 5 7 8
4 1 4 0 7 7 4 9 4
2 0 2 5 3 8 8 2
