4 1 4 9 6 9 8 9 0 9
2 4 4 10 4 9 6 9 10 12 10 0 12
2 5 4 5 7 7 8 9 10 15 10 15 12 15 0
8 8 5 5 6 7 8 0
5 3 4 5 0
3 3 11 3 6 7 11 10 10 11 0 11
10 6 2 6 6 7 8 10 10 0
7 3 6 3 6 7 0 7
6 4 4 5 6 7 8 10 10 14 14 13 14 15 0
2 4 4 6 6 7 9 9 19 9 12 19 12 16 16 19 18 19 0 19
2 4 4 5 6 7 9 9 10 12 10 0 14 12
14 3 4 10 6 7 10 7 10 14 10 13 14 17 14 17 0
2 23 6 6 6 8 8 10 10 23 14 14 14 16 16 19 19 19 23 21 22 23 0
27 4 4 25 4 7 8 16 10 12 12 16 14 15 16 23 18 23 20 21 23 21 25 25 27 25 0 27 27
6 1 4 6 6 12 6 6 6 11 12 0 12 12
2 7 6 6 6 7 11 9 11 11 0
49 3 4 6 4 7 12 7 7 12 10 49 15 15 24 23 16 16 16 19 16 21 24 25 49 27 38 29 27 31 27 33 27 35 27 37 27 49 38 44 44 44 44 49 46 47 49 49 0 49
5 5 5 5 9 8 8 9 0 9 9
2 9 2 5 7 7 9 9 12 9 9 0 12 12
7 3 5 5 7 7 14 7 11 11 14 13 14 0 14
5 3 5 5 9 5 9 9 0 9
7 7 5 5 7 7 10 7 7 0 10
2 12 2 6 6 12 6 6 10 11 12 0
2 5 5 5 23 5 5 9 12 12 12 14 14 17 14 17 5 17 17 17 22 23 0
3 3 9 3 7 7 3 3 10 15 15 11 11 15 17 15 22 17 21 21 22 0
2 3 4 5 7 7 0
4 1 1 6 6 11 6 6 10 11 0
3 3 10 6 6 3 3 9 3 15 12 13 14 15 17 17 0 17
5 5 5 5 9 9 9 9 23 9 14 14 14 18 18 18 18 9 9 22 22 23 51 23 48 29 29 29 31 31 48 31 35 35 37 37 31 37 41 41 43 43 31 31 47 47 48 23 23 51 0 51
2 35 2 6 6 12 9 9 12 11 12 14 14 21 14 14 20 20 20 35 20 20 24 31 26 31 28 31 30 31 32 33 35 33 40 35 35 39 40 0 40
2 3 9 9 4 4 8 9 11 9 13 13 22 16 16 18 18 22 18 18 18 0 22
2 6 2 5 6 7 9 9 13 9 9 9 23 13 16 20 18 20 20 23 20 23 0
2 5 5 5 9 5 5 5 0
2 4 4 5 8 8 8 12 10 12 12 15 12 12 0 15
11 3 4 11 4 11 11 10 10 11 19 11 14 15 16 17 18 19 0 19
3 3 13 11 6 11 11 10 10 11 13 11 0 13
14 3 14 12 6 7 11 7 10 11 12 14 12 0 14
2 3 6 5 6 0
4 4 4 6 4 12 8 9 12 12 10 15 12 15 0
9 1 4 5 6 9 8 9 0 9 9
7 7 2 6 6 7 0
2 7 7 6 6 7 0
2 14 6 6 6 9 8 9 14 9 13 13 14 0 14 14
5 4 2 5 6 10 8 10 10 11 16 13 14 16 16 20 16 16 20 0
4 1 4 10 10 8 8 10 8 0 10
6 6 2 6 6 7 13 13 8 13 13 13 0 13
4 4 2 7 7 7 14 7 7 11 13 13 14 0
3 3 8 3 3 8 8 0 8
2 8 4 2 2 7 8 0 8
2 4 2 5 8 5 8 0 8
2 7 2 2 6 7 0
5 1 1 5 7 5 12 10 10 12 12 18 12 12 16 18 18 0
2 5 2 5 14 8 8 9 14 9 14 11 11 32 14 14 20 20 20 27 24 24 24 27 24 27 14 27 27 14 32 0
3 3 5 5 8 7 5 9 11 11 0
3 1 4 14 4 14 9 7 12 11 12 13 14 16 16 17 20 20 20 0 20
4 4 4 17 4 4 8 11 8 11 4 11 4 15 16 17 0
2 4 4 20 4 11 8 10 10 11 4 4 16 13 13 18 18 19 20 24 20 20 20 25 38 29 26 29 30 36 32 34 34 35 36 38 36 0
11 3 8 3 3 3 8 11 8 11 0 11
6 6 2 5 6 0 6
10 5 2 5 6 7 8 10 8 0 10
8 8 8 3 6 8 8 0 8
8 1 8 6 4 8 8 0 8
2 8 2 2 6 7 8 12 12 9 12 14 12 16 16 20 19 19 20 25 20 20 25 25 0
2 4 4 15 4 11 8 10 10 11 15 11 11 11 18 15 18 0
2 3 6 6 6 15 8 9 11 9 12 15 12 15 0 15
2 6 6 6 6 14 6 6 11 11 13 11 14 0 14 14
2 3 4 5 6 7 8 15 8 11 13 13 15 15 0
2 5 4 5 9 5 8 9 11 11 12 0 12 12
6 3 4 6 6 0 6
7 3 7 3 7 7 12 7 7 11 12 0 12
5 3 5 5 7 7 18 7 10 11 13 13 7 7 17 17 7 20 20 21 23 23 0 23
3 1 5 5 22 5 5 9 17 11 13 11 14 17 16 17 18 5 18 5 22 0 22
2 4 2 5 7 7 16 7 16 11 13 11 14 16 16 0 16
16 16 2 2 2 7 8 16 10 11 13 11 14 16 16 21 16 16 16 21 0 21 21
4 3 4 8 8 8 8 13 10 13 10 13 0
2 6 4 6 6 7 11 7 10 11 21 11 11 11 18 17 18 11 18 11 0 21
5 3 5 5 0 5
8 3 4 8 8 8 8 0 8
2 28 2 5 7 5 10 9 10 11 12 28 12 15 21 17 20 17 20 21 22 23 24 12 12 12 28 0 28 28
3 3 4 6 6 15 12 11 11 11 12 15 12 15 22 22 22 19 22 21 22 23 26 23 23 0 26 26
3 3 5 5 6 9 8 9 10 12 12 23 14 16 14 19 19 19 20 23 22 23 0
2 4 2 8 8 8 8 18 10 12 10 14 14 15 18 17 18 23 18 18 18 23 0 23
3 3 6 5 6 0
2 7 7 3 6 7 10 7 7 14 10 10 14 0
2 3 8 3 8 7 8 0 8 8
3 3 4 5 6 0 6
2 4 4 5 6 12 6 6 6 6 12 0 12
4 1 1 7 6 7 8 15 8 8 14 14 14 15 0
2 4 4 5 6 9 6 9 0 9
2 4 4 6 6 8 8 0 8
2 12 6 3 3 8 8 9 12 11 12 0 12
6 1 1 6 6 12 9 9 11 11 12 0 12
2 8 4 6 4 8 8 0 8
5 5 4 5 7 7 8 10 10 0 10
5 1 1 5 7 7 12 7 10 12 12 0 12
8 3 4 7 6 7 8 0 8 8
15 4 4 5 15 7 8 15 8 11 13 11 15 15 0
2 3 8 7 6 8 8 0 8 8
3 3 6 5 6 8 6 0 8
11 3 4 5 6 7 8 11 11 11 0 11
2 3 4 9 4 9 8 9 0 9
2 13 5 5 7 5 10 9 10 13 10 13 0 13
2 4 4 7 6 7 0 7
2 5 4 5 11 5 5 5 11 11 0 11
3 3 4 5 9 7 8 9 13 9 9 13 0 13
2 4 4 5 9 7 9 9 24 9 13 13 21 13 16 19 18 19 13 13 23 23 24 0
2 3 6 6 6 0 6
2 5 4 5 10 5 5 5 10 0 10
2 4 4 10 4 4 8 10 8 0
7 4 4 7 4 7 9 7 0
2 3 4 7 7 5 0
21 3 8 3 6 3 3 21 8 11 14 14 14 15 16 17 18 21 18 18 0 21
13 5 5 5 10 5 8 5 5 12 12 13 15 15 21 15 18 19 15 15 29 21 27 25 27 27 29 27 0
2 3 4 8 4 7 8 0
4 4 4 5 6 0
5 5 5 3 7 5 0 7
6 4 4 6 4 8 8 20 12 12 12 16 12 15 16 20 16 16 20 0
2 7 4 7 6 7 0
12 3 6 5 6 12 6 9 12 11 12 0 12 12
2 9 9 5 8 5 5 9 13 9 9 9 0
16 1 4 16 6 9 6 9 10 11 16 13 15 13 16 21 16 16 20 21 0 21
2 5 5 5 6 0
2 5 4 5 7 5 9 9 25 11 14 11 14 15 25 15 21 20 20 21 15 15 24 25 0 25
14 6 2 2 2 8 8 9 14 11 14 14 12 0 14
9 1 1 1 6 8 8 9 11 11 0 11 11
26 3 6 6 4 8 6 12 10 12 12 14 14 26 14 18 18 19 23 21 22 19 26 25 26 0 26
2 4 4 5 8 8 8 12 11 11 12 14 12 24 16 24 16 16 16 21 22 24 24 0 24
3 3 4 5 0
2 3 11 6 6 7 11 7 10 11 0 11 11
10 3 4 5 10 7 8 10 8 0 10
2 3 11 5 7 5 11 9 11 9 24 11 14 18 17 17 18 24 24 23 23 23 24 0 24 24
16 1 4 6 6 16 6 6 6 9 12 6 6 15 16 0 16
2 15 2 5 7 7 15 7 10 15 10 13 15 13 16 0 16
10 3 5 5 8 5 8 10 10 0
2 3 6 5 6 7 35 9 10 11 12 16 12 13 16 23 16 16 18 21 16 16 35 23 26 35 26 29 35 29 33 33 29 29 0 35
2 3 4 9 6 7 9 7 16 9 9 13 16 13 16 0 16 16
2 7 7 5 7 7 0 7 7
3 3 12 5 6 7 9 7 11 11 12 14 12 0 14
3 3 4 9 6 9 9 7 20 9 12 13 15 13 16 18 16 20 20 0 20
4 3 4 5 9 9 8 9 0 9
2 3 4 16 6 16 11 7 7 7 12 15 14 15 16 19 18 19 0 19
3 3 4 5 7 7 22 7 11 11 22 11 16 13 13 21 16 21 18 18 22 23 24 0
2 14 6 3 3 8 8 14 8 11 12 14 12 0
2 6 4 5 6 7 12 12 8 8 8 0
3 3 13 3 7 7 3 7 11 11 3 3 0 13
2 11 2 5 11 9 6 9 11 9 12 15 14 15 0 15
24 19 4 14 4 7 4 7 10 11 4 4 14 15 17 17 19 19 20 21 24 21 24 0 24
3 1 5 3 8 7 8 14 8 8 12 14 12 0 14 14
3 1 20 5 6 8 8 9 12 9 12 18 14 16 16 18 18 20 18 0 20
7 4 4 6 6 7 0 7 7
2 3 5 5 17 5 10 7 7 12 10 17 15 15 16 17 26 20 20 21 22 25 24 25 26 0 26
19 4 2 12 6 12 6 9 12 9 12 19 12 12 17 17 19 19 0 19
3 3 0 3
2 3 6 6 6 12 8 12 10 12 10 13 0 13
6 4 4 6 6 0
2 18 2 5 7 7 18 15 10 8 8 8 14 8 18 18 16 0
5 5 4 5 10 5 8 10 10 0 10
2 10 7 5 6 7 10 9 10 0 10 10
4 4 4 5 15 15 8 13 8 11 8 8 14 15 0 15
7 3 4 7 4 7 0 7
5 4 4 5 13 5 9 7 11 9 12 13 0 13 13
4 4 4 10 6 10 10 10 8 0
5 5 4 5 0
3 3 4 5 10 8 8 10 10 0 10
2 5 4 5 0
2 6 5 5 6 0
6 1 5 5 6 0
3 3 8 8 4 7 8 38 10 16 12 16 12 15 16 38 16 16 21 21 23 23 38 25 38 28 28 38 28 31 34 34 34 38 38 37 38 0 38
3 1 8 6 6 8 8 10 8 15 10 15 14 15 25 15 15 19 21 21 23 23 25 25 0
2 4 4 7 4 4 8 23 10 13 10 13 14 21 14 21 18 21 20 21 23 21 0
2 3 6 6 6 8 8 10 10 12 14 14 12 15 27 27 18 19 21 21 26 24 24 26 24 27 0 27
10 4 4 6 6 10 9 9 10 0 10
7 3 7 3 6 7 11 7 11 11 21 11 11 15 18 17 18 20 20 21 0
2 6 2 5 6 10 6 6 10 0
2 5 5 5 6 8 8 20 8 12 12 13 14 17 16 17 20 20 20 0
9 1 4 5 9 7 9 9 0
9 3 9 3 9 8 8 9 0 9
4 4 4 5 6 8 6 9 22 16 12 16 14 16 14 19 16 16 21 21 22 25 22 22 0 25
3 1 14 3 7 7 8 11 11 11 13 11 14 18 16 18 18 22 18 21 22 27 22 22 22 27 0
4 4 4 5 6 7 8 12 10 12 10 18 16 13 16 18 16 25 18 21 22 24 24 25 0
2 3 5 5 12 8 6 10 10 12 10 15 12 15 22 15 15 22 20 22 20 0
3 3 16 5 6 7 8 9 10 11 12 16 12 15 16 24 16 20 20 21 23 23 24 0
2 4 4 5 12 5 5 5 11 11 12 0 12
3 3 7 5 7 7 8 14 14 11 14 14 14 15 16 20 18 20 20 29 22 27 26 26 26 27 29 27 0 29
2 25 4 5 7 7 25 7 7 7 7 13 14 16 16 17 7 17 17 17 7 24 24 25 0 25
2 3 8 3 3 7 8 12 10 12 12 20 12 18 18 18 18 19 20 0
2 3 5 3 8 8 8 10 10 0 10 10
2 3 7 3 7 7 12 7 7 7 12 13 15 15 0 15 15
16 3 6 5 6 16 6 6 6 11 13 13 15 15 16 0
2 4 4 5 7 7 8 9 13 13 13 11 18 13 13 13 18 0
3 3 8 3 7 7 8 11 8 11 13 13 15 13 24 15 15 15 20 21 23 23 24 0
2 7 2 5 6 7 16 7 11 11 16 13 16 15 16 0 16
2 6 4 6 4 18 6 6 11 11 6 11 11 6 16 17 18 0 18 18
22 3 9 3 6 9 8 9 22 9 9 17 17 15 17 15 9 17 17 9 22 0 22
2 4 2 6 6 7 17 10 8 14 10 14 14 17 14 14 0
2 3 4 6 6 9 8 9 17 9 9 9 16 16 16 17 0 17
2 3 8 5 7 7 8 9 10 13 10 10 19 17 17 17 19 19 24 21 19 23 19 31 27 27 31 29 31 31 0 31
8 3 8 3 3 3 3 0 8
2 5 5 5 11 8 8 9 11 11 28 13 14 16 16 26 16 19 20 26 24 24 24 26 24 28 26 0
8 4 4 8 4 7 8 10 8 0
8 8 8 3 7 7 8 11 8 8 12 13 26 17 14 17 18 21 20 21 26 21 21 21 21 0
3 3 5 3 6 7 11 7 11 11 0 11
4 4 4 8 8 7 8 0
8 1 8 5 8 5 8 9 17 17 17 11 14 17 16 17 0
2 18 4 5 6 7 18 10 10 11 17 15 15 15 16 11 18 0
12 3 12 7 7 7 8 12 12 11 12 0
15 3 6 6 6 15 6 9 12 12 12 6 6 15 0 15
9 5 2 2 6 9 6 9 0 9
3 3 4 5 14 7 8 13 10 8 8 8 14 0
2 3 4 6 6 7 9 9 0 9
7 3 7 5 7 5 12 7 11 11 12 17 12 12 16 17 0
2 5 4 5 11 5 11 11 8 8 0 11
2 3 4 5 6 11 6 11 10 11 0 11
3 3 4 10 6 10 6 9 6 16 16 11 11 15 16 0 16 16
3 3 4 5 9 5 8 9 14 9 14 14 12 0 14
2 4 4 5 0 5
2 3 4 5 8 7 8 0
5 1 1 1 6 7 11 7 7 7 0
3 1 6 5 6 7 13 13 12 9 12 13 0
9 3 4 9 3 8 8 9 0
2 18 4 5 18 5 10 7 7 14 14 11 11 15 5 5 18 0
2 7 5 5 6 7 0
2 7 6 3 3 7 8 18 8 11 14 14 14 15 8 8 18 0
2 11 4 8 4 7 4 9 10 11 0
2 13 2 5 13 9 6 6 11 11 12 13 0
2 3 7 6 6 7 0
3 3 10 5 8 5 5 9 10 0 10
6 3 4 6 6 0 6
2 3 9 5 9 7 8 9 0
10 1 6 6 6 8 6 10 10 0
2 4 4 8 6 7 8 0 10 8
6 3 6 3 6 0
2 5 5 5 10 5 10 9 10 12 10 0 12
2 6 2 6 6 0 6
3 3 8 7 7 7 8 0 8 8
3 3 6 6 4 15 8 9 11 11 12 15 15 13 16 0 16
3 3 6 3 6 13 6 10 10 11 13 13 16 13 13 0
2 6 4 6 6 12 6 6 11 11 12 0
3 3 4 6 6 7 8 11 11 11 0
3 3 4 8 4 4 8 20 8 8 14 14 14 16 16 18 16 19 20 0 20
3 1 4 5 9 7 9 9 20 9 13 13 9 9 17 17 20 17 20 0 20 20
2 3 4 12 4 7 8 10 10 4 4 0
2 7 7 5 7 7 10 7 10 13 10 10 0 13
4 4 4 7 6 7 0
3 3 6 5 6 12 6 11 11 11 12 0
12 3 7 3 6 7 8 12 8 11 12 0 12 12
4 4 4 9 8 8 8 9 25 9 12 25 19 13 16 19 18 19 22 21 22 23 24 25 0 25
2 3 7 5 7 7 8 11 11 11 0 11
8 4 4 8 8 7 8 9 26 12 12 13 26 15 17 17 26 17 20 22 20 23 26 25 26 0 26
3 1 4 9 4 4 8 9 13 9 12 13 0
2 5 2 5 0
2 4 4 6 4 0 6
2 3 13 3 6 13 9 9 10 11 13 13 0 13
2 3 5 5 0
2 3 4 6 6 11 6 6 6 11 0 11
2 6 4 6 6 0
2 9 9 5 6 9 6 9 0
7 3 7 6 4 7 0
3 3 10 6 6 10 10 9 10 11 0 11 11
3 3 8 5 8 7 8 0
2 7 4 5 7 7 11 7 7 11 13 11 0 13
3 3 7 3 6 7 8 9 14 14 12 14 12 23 14 19 19 19 21 21 23 23 0
2 3 5 5 15 9 8 9 10 11 12 15 14 15 0
3 1 6 6 6 0
2 5 5 3 6 0 6
4 4 4 6 6 7 21 10 10 21 10 13 21 13 13 17 18 19 21 21 0 21
8 1 8 3 6 7 8 9 15 15 15 15 12 15 0 15 15
2 3 5 5 0
2 3 4 5 10 7 10 10 10 12 12 0
3 3 11 3 7 7 11 11 8 11 0
4 3 4 6 4 7 8 18 18 11 18 11 15 15 11 11 18 0
9 3 5 5 9 5 9 9 0
6 4 4 6 6 27 6 6 10 11 12 19 12 15 12 12 18 19 6 19 19 6 24 27 24 27 0
2 3 4 5 8 7 8 9 13 9 13 13 0
16 3 5 5 7 7 16 9 11 11 7 7 14 7 14 0
12 3 6 3 3 8 8 9 10 12 12 0
2 3 4 9 8 5 8 9 0 9
2 3 4 7 7 7 10 7 7 13 12 13 14 0 16 14
3 3 15 3 6 8 8 15 8 11 12 8 8 15 0
2 15 2 5 15 7 15 7 11 11 7 8 15 15 17 15 0
3 1 0
10 4 4 10 4 7 9 9 4 0
2 4 4 15 4 7 4 5 15 15 13 13 14 15 0 15
12 3 4 9 6 9 9 9 12 9 12 0 12
14 1 6 5 3 11 9 9 11 11 14 11 14 0 14 14
4 1 1 9 4 7 9 9 0 9
8 3 5 5 8 5 8 0
3 3 4 8 7 7 8 0 8 8
11 5 2 2 11 11 6 9 10 11 16 11 11 11 16 0 16
9 4 4 9 6 7 9 9 0 9
3 3 13 9 6 4 8 4 10 11 3 13 0 13
2 6 6 6 6 15 9 7 15 11 15 13 15 15 18 15 18 0 18
2 4 4 5 6 8 6 16 14 9 12 14 14 16 16 0 16
2 12 12 3 6 8 8 12 11 11 12 13 0
2 3 13 3 9 9 6 9 13 11 13 13 15 13 0
2 6 5 5 6 0 6
2 10 2 5 7 5 10 9 10 11 15 11 14 15 19 15 15 15 0 19
10 5 2 5 10 5 8 9 10 0 10
12 3 4 12 6 7 8 12 10 11 12 34 12 12 12 12 25 17 17 22 22 17 22 17 28 28 28 12 28 28 12 33 34 0
3 3 7 3 3 3 8 13 8 13 12 13 16 13 13 0
2 3 14 5 9 5 5 9 14 9 14 13 14 0 14
4 4 4 6 4 0
3 3 6 6 4 8 8 12 10 11 12 0
2 3 0
2 5 4 5 7 7 20 10 10 16 14 14 14 16 16 20 18 20 18 26 20 25 25 25 26 0
2 3 7 5 6 7 10 9 10 0
9 9 2 5 6 9 9 9 11 11 0
3 3 4 5 10 8 8 10 10 0 10
2 12 4 5 12 7 8 10 10 12 12 16 12 16 16 0
4 3 4 6 4 7 8 9 0 9
2 3 5 3 7 7 8 14 8 12 12 14 14 24 14 14 14 20 20 21 22 23 24 0 24 24
23 1 6 3 3 10 6 10 10 23 10 13 15 13 10 15 18 21 18 21 10 10 0 23
3 3 4 10 4 4 4 9 10 0 10
2 11 11 5 11 11 6 10 8 11 0 11 11
5 5 4 5 8 5 5 15 10 15 13 13 15 15 18 15 15 0 18
3 3 4 7 7 7 8 10 10 15 10 14 14 15 0 15
2 3 5 5 8 8 8 0
2 4 4 0 4 4 4 7
2 4 4 9 4 7 9 9 0
13 5 4 5 13 5 5 5 13 9 9 9 0 13
2 10 10 10 6 7 8 10 8 14 10 10 14 0 14
4 4 4 6 6 10 10 9 10 11 17 13 14 17 14 17 27 17 17 21 23 23 25 25 27 27 0 27
3 3 12 5 3 5 5 11 11 11 3 14 12 20 14 20 19 19 20 0 20
2 28 5 5 12 5 8 10 10 5 5 14 14 25 16 19 16 19 25 19 19 19 24 25 28 25 28 0 28
10 10 5 5 8 8 8 10 8 14 10 10 14 0
3 3 7 5 7 7 0 7
7 1 1 1 1 1 9 9 17 11 14 13 14 15 17 17 0 17
4 4 4 13 6 7 8 10 10 13 12 13 14 15 20 17 20 19 20 0 20
4 4 4 7 7 7 17 12 11 11 12 14 14 17 14 17 0
3 3 14 5 7 5 8 11 10 11 14 13 14 0 14
3 3 19 5 7 7 8 9 11 11 19 13 16 15 16 19 18 19 0
9 3 5 5 6 9 8 9 0 9
14 3 7 5 6 7 14 9 10 11 14 13 14 0
11 3 6 5 6 11 8 11 10 11 0 11
2 4 4 5 11 5 5 9 10 11 21 11 11 11 16 18 18 20 20 21 25 21 21 25 0 25
2 3 6 6 6 7 10 7 7 11 14 13 14 0 14
2 3 4 9 4 8 8 9 15 9 13 13 15 15 0 15
3 3 0
8 3 5 3 8 8 6 0
5 5 2 5 0
4 3 4 20 4 4 8 11 11 9 4 11 11 15 16 20 20 17 17 0 20 20
14 4 4 6 6 9 6 9 14 9 13 13 14 0 14 14
3 3 5 5 6 13 6 12 12 12 12 13 0 13
7 7 4 5 6 7 0 7 7
4 4 4 6 6 13 8 10 8 13 12 13 16 13 13 17 18 24 20 24 20 20 20 0
2 7 7 3 6 7 8 9 11 11 12 13 15 15 17 17 25 20 20 22 20 24 24 25 27 25 0 27
13 3 5 5 7 7 8 9 13 13 12 13 0 13
8 1 4 1 1 7 8 14 11 9 14 13 14 23 14 14 20 17 20 22 22 23 24 25 34 27 34 29 34 32 32 34 34 44 34 38 38 41 40 41 42 44 42 46 44 0
2 4 4 9 7 7 9 9 0
2 3 5 5 11 5 5 5 11 9 0
2 3 4 7 6 7 11 11 8 11 0 11
11 3 7 6 6 7 8 11 11 11 0
2 4 4 7 4 4 10 9 10 11 13 13 16 13 13 0
5 5 4 5 0 5
2 6 5 5 6 14 6 6 11 11 13 13 14 0 14
7 4 4 5 6 7 0 7
2 6 4 6 6 7 14 10 10 13 10 13 14 0 14 14 14
3 3 6 5 6 0
13 3 4 5 9 8 8 9 10 13 10 13 0 13 13 13
2 7 2 5 7 7 10 9 10 13 10 10 17 15 16 17 0
2 3 14 3 3 3 8 14 8 11 12 14 14 0 14
11 5 4 5 11 5 11 10 10 11 0 11
6 3 6 5 6 0 6
4 4 4 5 8 5 8 10 10 11 12 14 14 15 22 17 22 22 22 19 22 27 22 26 26 27 0 27
7 7 4 5 6 7 0 7 7
3 1 4 6 6 8 8 0 8
2 3 6 6 4 16 8 10 8 12 12 16 14 15 16 0 16
2 3 23 8 8 8 8 10 8 17 12 17 12 15 17 17 23 20 18 23 20 23 24 25 27 27 45 27 27 27 38 33 34 38 37 37 38 27 38 38 38 27 44 45 0
35 6 4 6 4 8 8 12 10 12 12 35 12 12 12 17 18 19 20 12 20 20 24 26 26 29 28 29 12 29 29 12 34 35 0
3 3 4 5 8 8 8 17 10 11 13 13 15 15 8 17 0 17
4 4 4 8 6 8 6 10 10 11 12 14 14 15 49 15 19 19 20 21 15 15 27 27 27 27 49 27 31 31 32 35 34 35 49 38 38 49 38 45 45 45 45 45 46 49 48 49 0
5 5 4 5 0 5
7 3 7 6 6 7 0
2 3 6 6 6 8 8 9 10 11 15 13 14 15 0
6 3 5 5 6 0
2 4 4 14 6 7 8 9 14 11 12 14 12 0
10 3 4 10 6 10 6 9 10 0
2 3 11 3 7 7 8 3 11 11 0 11
14 3 14 3 6 14 6 6 12 12 10 13 14 0 14
2 3 8 3 3 7 8 0 8
2 10 7 3 3 7 10 9 10 0
2 9 4 5 7 7 9 9 0
3 3 6 5 6 0 6
7 3 7 5 7 7 0 7 7
8 3 4 6 6 8 6 0 8 8
11 3 9 11 9 7 8 9 11 9 0
9 3 4 5 9 9 6 9 0
7 3 7 3 6 7 0
2 5 4 5 0
6 6 4 5 6 0 6
6 3 6 5 6 0
8 4 4 6 6 8 8 0
2 3 4 8 6 7 8 0
2 5 4 5 7 7 9 7 17 15 15 15 15 15 17 17 0 17
4 4 4 11 8 7 8 10 10 11 24 11 11 24 17 17 24 20 18 23 22 23 24 0 24
4 3 4 0 4 4
7 3 7 7 6 7 0 7 7
4 3 4 0 4
3 3 10 5 7 7 10 9 10 0
7 5 5 5 7 7 0 7 7
8 3 4 5 8 7 8 0 8
2 4 4 7 4 7 10 7 10 14 10 13 14 0
2 4 4 10 4 10 10 10 10 15 14 14 14 15 0 15
12 3 4 6 6 7 12 7 7 11 12 0 12
10 3 4 10 6 8 8 9 10 0 10
21 3 21 5 6 10 10 10 10 21 10 10 17 17 17 17 10 17 10 21 24 21 21 0 24
7 3 4 6 6 7 21 7 11 11 13 13 21 16 14 17 18 19 20 21 0 21
7 7 4 6 6 7 0 7
3 1 7 3 3 7 0 7
3 3 5 5 9 9 8 9 10 0 10
11 3 4 11 4 11 8 10 10 11 0 11
2 6 5 5 6 0 6
3 3 5 5 11 7 9 9 10 11 12 13 16 16 14 0 16
4 3 4 0 4
5 1 4 1 6 7 12 10 10 12 10 17 14 16 16 17 0 17
2 7 4 5 6 7 0
3 3 10 7 4 4 9 9 10 0
2 5 4 5 0 5
12 3 5 5 6 7 10 7 7 11 12 0 12
2 13 4 13 9 5 5 5 10 13 12 13 24 13 17 17 18 20 20 23 23 23 24 0
3 3 5 5 6 13 8 11 11 11 12 13 0 13
6 6 4 5 6 0
7 3 5 5 7 7 0 7
2 7 4 5 6 7 8 13 8 8 8 8 15 15 16 0 16
7 3 7 5 6 7 0
5 5 5 5 6 13 6 6 6 6 13 13 0 13
3 3 13 5 10 5 6 6 6 13 12 13 16 13 13 17 0
2 3 10 5 10 8 8 10 8 0
2 4 4 9 6 8 8 9 16 11 12 16 12 12 12 0 16
7 7 2 2 2 7 13 7 7 7 13 13 0 13
3 3 4 20 4 10 6 6 8 11 12 20 12 12 17 17 19 19 20 0
3 3 0
11 3 4 7 6 7 11 7 11 11 0
2 4 4 10 10 7 10 9 10 19 10 13 16 13 16 19 16 16 0
3 3 4 11 8 8 8 10 10 11 0 11 11
15 1 5 5 15 5 9 9 11 11 5 5 5 15 18 17 18 0
2 3 4 9 6 9 6 9 0
3 3 8 3 7 7 3 10 11 11 0
2 5 4 5 0 5
5 3 5 5 0 5
3 3 4 7 7 7 11 9 11 11 0
4 4 4 8 6 7 8 14 10 12 12 14 14 17 17 17 0 17
2 14 4 7 7 7 14 11 11 11 12 14 14 0
7 3 4 7 4 7 0
2 4 4 8 8 7 8 0
2 7 5 5 7 7 0
2 3 4 6 6 10 6 9 10 14 10 10 10 0 14
11 3 4 11 4 7 11 9 11 11 0
2 6 2 5 6 9 6 6 0 9
6 3 6 5 6 0 6 6
3 3 14 5 11 5 5 5 11 11 14 11 14 0 14
3 3 5 5 0 5
2 6 4 6 4 8 6 9 14 9 14 13 14 17 14 14 0
2 3 7 7 6 7 11 7 10 11 0 11 11
9 3 6 5 6 9 6 9 0 9
2 3 4 5 14 5 8 11 11 11 13 13 14 0 14 14
3 3 8 3 6 8 6 0 8
2 3 4 8 4 4 8 0 8
2 6 2 3 6 0 6
3 3 0 3
3 3 6 3 3 8 8 15 8 8 8 8 14 15 0
2 5 4 5 7 7 0
2 12 4 5 6 13 8 9 11 11 13 13 0 13
2 4 4 6 6 10 9 9 10 0
2 4 4 16 6 16 8 10 10 16 10 14 14 10 10 0
2 4 4 16 8 7 8 10 10 11 16 16 16 15 16 0
2 3 7 7 6 7 0 7
5 5 5 5 11 8 8 11 10 11 0
2 4 4 7 6 7 0
2 6 4 5 6 7 17 10 10 17 10 14 14 16 16 17 0
10 3 5 5 7 10 10 9 10 0
4 3 4 0
2 3 4 13 4 7 9 9 10 13 12 13 0 13
8 1 4 8 8 7 8 0
3 3 4 5 8 7 8 0
3 3 5 5 7 7 11 11 11 11 15 14 14 15 16 19 19 17 20 0 20 20
3 3 7 6 6 7 11 9 10 11 12 13 17 16 16 17 0 17 17
2 4 4 20 7 7 15 10 10 7 13 13 7 7 20 18 18 20 20 0 20
3 3 14 3 6 7 8 14 10 14 13 13 14 0 14
10 3 4 5 6 8 6 10 10 0 10
20 4 4 20 7 7 11 7 10 7 12 20 14 19 16 14 18 14 20 0
4 4 4 0 4
2 3 4 5 7 7 12 9 10 12 10 16 12 12 16 20 19 19 20 0
2 4 4 5 8 5 8 19 8 11 12 19 12 12 17 17 19 19 0
6 3 6 3 6 10 6 6 10 16 10 10 14 15 16 0
14 3 7 3 6 7 9 9 10 14 10 13 14 0 14
2 3 16 8 4 7 8 9 10 11 16 13 16 13 16 0
2 7 6 6 6 7 0 7
5 4 4 5 0
16 3 5 5 16 8 8 16 10 11 12 14 14 16 14 0
3 3 4 6 6 14 8 9 14 11 13 13 14 0
2 21 2 11 4 4 4 4 4 11 17 13 15 15 16 17 21 19 21 21 0
2 11 4 5 6 11 8 11 10 11 0
2 3 8 6 6 8 8 9 15 11 15 13 15 15 0 15
3 3 4 7 4 7 8 10 10 21 13 13 14 17 16 17 21 20 20 21 0 21 21
6 3 6 6 6 0 6
2 3 9 5 9 5 9 9 13 9 12 13 0
9 5 2 2 9 9 8 6 0 9 9
10 3 4 10 6 8 6 10 8 0 10
4 4 2 7 4 7 19 10 10 14 10 14 14 19 16 19 18 19 0 19 19
2 3 12 3 3 12 6 6 10 12 12 0
34 7 7 7 7 7 10 10 10 34 17 17 17 17 17 17 19 17 20 22 22 34 24 32 24 28 28 24 30 24 32 34 34 38 34 37 38 0 38
4 3 4 5 6 9 9 9 12 9 12 0 12 12
3 3 5 3 6 0
2 4 2 6 4 7 9 7 0 9 9
8 8 5 5 8 7 8 12 8 8 8 18 14 18 18 17 18 0 18
2 17 4 6 6 11 6 11 10 11 14 11 11 17 17 15 0
5 3 5 5 30 11 8 9 11 9 30 11 14 30 30 17 18 20 20 21 23 21 24 30 28 25 28 30 28 0 30
16 3 4 16 16 7 9 7 10 16 12 16 14 16 14 17 18 19 36 19 19 23 24 25 26 27 31 30 30 31 36 31 31 35 36 0 36 37
2 5 2 5 0
5 5 4 5 0 5
14 3 6 5 6 14 6 14 12 12 12 13 14 0 14 14
2 3 11 3 8 7 8 11 10 11 0 11 11
3 3 5 3 0
2 3 6 3 6 8 6 0
2 5 2 2 6 16 8 10 10 11 12 15 14 15 6 21 21 17 20 21 23 21 27 25 27 27 0 27 27
2 7 5 5 7 7 10 7 10 11 13 13 16 13 16 0 16
3 3 0
2 11 2 2 10 7 9 9 5 11 0 11
4 1 1 9 6 9 6 9 0 9
2 4 2 6 6 11 6 9 10 11 0
17 9 9 5 3 7 8 9 12 9 9 17 12 12 16 17 0
2 20 4 7 7 7 14 7 10 7 7 7 14 17 16 14 18 20 18 0 20
4 3 4 11 4 4 4 9 10 11 16 11 11 15 16 0
3 3 11 8 8 8 8 11 10 11 12 16 12 16 16 0
2 0 2
3 3 8 3 8 8 6 0
2 3 4 7 6 7 0 7
2 4 4 5 6 8 6 10 8 11 13 13 15 13 0 15 15
14 3 7 3 7 7 9 7 11 11 14 11 14 0
3 3 5 3 18 8 6 18 10 11 18 13 18 13 13 13 18 23 18 18 22 23 0
2 9 4 9 6 7 9 9 0 9
2 15 2 6 6 9 6 9 2 9 12 15 14 15 0 15
3 1 0
2 27 5 5 9 7 9 9 27 9 13 13 16 15 16 9 16 20 20 24 22 24 24 9 9 27 0
5 5 4 5 8 7 8 9 11 9 0
2 4 4 5 6 18 6 12 8 8 8 13 14 6 6 17 18 0 18
2 3 5 3 7 7 10 7 10 13 10 13 0
2 21 21 5 9 5 5 5 12 12 10 13 14 18 18 18 18 21 20 21 25 21 21 21 32 27 28 32 30 31 32 33 38 33 38 37 38 0 38
2 5 5 5 6 15 8 15 8 15 13 13 15 15 21 15 18 19 20 21 0 21 21
2 5 2 2 8 8 8 11 11 11 0
40 6 6 5 6 8 8 39 11 11 13 13 8 15 8 18 18 22 20 22 22 24 24 8 29 29 29 29 8 34 34 34 34 8 36 8 38 8 40 0 40
4 4 4 15 4 9 9 9 4 4 12 15 12 15 0 15
7 1 4 7 6 7 0 7
12 3 5 5 7 5 12 9 12 11 12 0
3 3 9 5 9 7 9 7 0 9
3 3 6 5 6 0 6
2 0 2
7 3 7 3 6 7 0
13 3 6 5 3 13 8 13 10 13 12 13 0
16 3 6 5 6 16 16 10 10 16 12 13 16 13 16 0
4 4 4 6 6 13 10 10 10 12 12 6 14 17 16 17 21 17 20 21 0 21 21
2 3 5 5 8 7 8 0 8
2 3 4 5 10 7 10 9 10 18 10 13 15 15 17 17 18 0
5 5 5 5 7 5 8 27 11 11 27 13 14 15 16 18 18 27 18 21 24 21 24 25 26 27 0 27
2 3 4 12 6 7 8 12 11 11 12 0
2 3 6 5 6 10 10 9 10 0
5 3 5 3 6 8 8 21 8 11 13 13 17 13 13 17 21 17 17 21 0 21
13 3 4 5 8 7 8 13 8 11 13 13 0
11 1 1 2 11 5 5 5 11 11 0 11 11
11 1 4 5 6 7 8 11 8 11 0 11
2 3 4 5 6 0 6 6 6
12 1 4 12 4 12 6 9 6 7 12 18 12 15 12 15 12 0 18
2 6 2 6 6 10 6 6 10 0 10
2 5 2 2 14 5 8 9 10 12 12 14 12 0
15 3 9 5 7 7 3 3 15 9 9 13 15 13 0
3 1 4 5 7 7 8 16 10 13 12 13 14 15 16 0 16
2 3 4 6 6 13 13 9 10 11 13 11 0
2 3 4 14 12 5 12 9 12 9 12 13 14 0 14
2 4 2 12 7 7 8 9 11 11 12 13 17 15 16 17 19 19 0
12 4 4 12 7 5 8 12 10 11 12 0
9 4 4 1 6 1 8 1 11 11 12 13 14 0 14
9 5 5 5 9 7 8 9 12 12 12 0
7 3 7 5 7 7 9 7 13 9 12 13 0
2 3 6 6 6 7 27 10 10 11 13 13 19 13 17 17 13 17 21 21 26 21 21 21 26 27 0 27
2 3 6 3 6 0 6
2 4 2 6 6 7 8 11 10 11 0 11
2 3 4 5 6 13 10 7 10 13 13 13 14 15 0 17 15
4 1 4 13 4 13 6 9 11 11 13 13 17 13 13 17 0 17 21 21 23 23 17
2 4 4 5 6 10 6 6 10 0
3 3 4 14 8 5 5 9 11 11 13 13 14 18 14 18 18 0
4 1 4 0 4
2 7 2 5 7 7 11 7 7 7 0
5 5 4 5 9 5 9 9 0
5 3 5 5 7 7 0
5 3 5 3 6 8 6 0 8 11 14 13 11 15 17 15 8 19 25 19 20 24 22 25 8 27 28 8 8
8 8 2 6 4 8 8 0
12 3 10 3 3 5 8 3 3 12 12 0
11 1 1 1 1 1 1 11 8 8 12 13 0
3 1 7 3 7 7 9 7 0 9
8 1 8 5 8 5 8 0
2 4 4 7 4 7 0
3 3 0
3 1 0
3 3 4 5 7 7 8 0 8
6 6 6 6 6 10 6 9 10 16 16 13 16 13 16 21 16 16 16 21 0
3 3 9 3 7 7 9 9 0 9
8 8 4 8 8 5 8 10 8 0 10
3 3 4 5 13 5 8 13 11 11 13 13 0 13
