"node"	"mean_edge_length"
8	1.75
3	0.666666666666667
4	1
12	1.58333333333333
12	1.75
36	2.44444444444444
9	1.66666666666667
7	1.42857142857143
6	1.66666666666667
11	1.90909090909091
12	1.75
7	1.42857142857143
31	2.09677419354839
10	1.7
26	2.26923076923077
33	2.60606060606061
9	1.22222222222222
19	1.94736842105263
10	1.2
7	1.71428571428571
31	2.61290322580645
7	1.71428571428571
29	1.86206896551724
34	1.85294117647059
39	3.76923076923077
9	1.44444444444444
21	1.80952380952381
15	1.8
47	2.68085106382979
97	3.04123711340206
74	4.7027027027027
34	1.88235294117647
10	1.4
12	1.5
16	3.25
4	1
65	2.86153846153846
9	1.55555555555556
9	1.33333333333333
3	0.666666666666667
38	4.15789473684211
9	1.33333333333333
19	1.57894736842105
5	1
10	1.3
28	1.85714285714286
42	2.38095238095238
24	2.04166666666667
44	3.95454545454545
36	2.61111111111111
43	4.06976744186047
61	3.81967213114754
29	2.62068965517241
10	1.6
58	6.06896551724138
7	1.28571428571429
27	1.81481481481481
18	1.94444444444444
17	1.76470588235294
47	3.74468085106383
6	1.33333333333333
63	2.42857142857143
43	2.51162790697674
48	2
11	1.36363636363636
15	1.93333333333333
75	3.89333333333333
7	1.14285714285714
35	2.28571428571429
4	1
20	2.3
32	2.46875
57	3.78947368421053
77	3.84415584415584
7	1.28571428571429
31	2.48387096774194
17	1.88235294117647
50	3.38
6	1
34	2.35294117647059
14	1.5
32	2.09375
38	2.84210526315789
24	2.54166666666667
13	2.84615384615385
33	2.57575757575758
40	2.325
14	1.35714285714286
21	1.85714285714286
40	2.4
50	2.78
7	1.28571428571429
36	3.97222222222222
8	1.75
12	1.66666666666667
17	2.64705882352941
23	2.95652173913043
53	3.41509433962264
10	1.8
25	2.4
9	1.33333333333333
37	2.62162162162162
34	3.26470588235294
24	3.08333333333333
106	4.97169811320755
11	1.72727272727273
48	3.08333333333333
13	1.61538461538462
20	2.5
9	1.44444444444444
48	3.72916666666667
9	1.44444444444444
37	2.35135135135135
16	1.875
27	2.03703703703704
28	3.03571428571429
37	2.2972972972973
8	1.75
33	2.3030303030303
11	1.72727272727273
19	1.84210526315789
13	1.46153846153846
36	2.38888888888889
25	2.44
25	1.84
9	1.44444444444444
22	1.95454545454545
35	2.48571428571429
3	1
35	4.45714285714286
9	1.55555555555556
21	2.71428571428571
39	2.41025641025641
26	2.11538461538462
58	3.56896551724138
22	1.86363636363636
12	2.08333333333333
15	2
5	1.2
45	2.53333333333333
22	2.04545454545455
44	4.47727272727273
12	1.75
13	1.46153846153846
4	0.75
10	1.5
15	1.53333333333333
32	2.75
60	3.31666666666667
10	1.8
47	3.5531914893617
73	3.65753424657534
24	2.29166666666667
13	1.84615384615385
44	2.56818181818182
58	6.08620689655172
11	1.72727272727273
62	3.14516129032258
45	3.55555555555556
45	3
18	1.38888888888889
4	1
5	1
5	1.2
13	1.53846153846154
5	1
4	0.75
15	2
3	1
11	1.81818181818182
7	1.28571428571429
8	1.5
7	1.57142857142857
9	1.77777777777778
9	1.44444444444444
8	1.5
14	1.35714285714286
5	1.4
11	1.54545454545455
15	1.26666666666667
6	1.33333333333333
8	2.125
33	2.36363636363636
8	1.625
40	3.8
11	1.45454545454545
28	2.42857142857143
38	2.18421052631579
7	1.42857142857143
33	3.93939393939394
17	2.70588235294118
5	1
12	1.66666666666667
32	2.5625
17	1.70588235294118
19	2.42105263157895
7	1.57142857142857
20	2.25
9	2.11111111111111
5	1.4
40	3.3
6	1.66666666666667
26	2.84615384615385
26	2.23076923076923
12	1.83333333333333
6	1.16666666666667
25	2.52
12	1.75
12	1.83333333333333
25	3.08
17	2.11764705882353
31	2.38709677419355
12	1.66666666666667
54	3.83333333333333
11	1.27272727272727
29	1.86206896551724
75	6.94666666666667
20	1.85
17	2.70588235294118
8	1.5
23	3.91304347826087
77	3.09090909090909
17	2.52941176470588
11	1.63636363636364
39	2.74358974358974
9	1.44444444444444
5	1.2
25	2.36
30	2.46666666666667
14	1.92857142857143
4	0.75
8	1.375
14	1.42857142857143
56	3.64285714285714
34	2.82352941176471
44	2.52272727272727
11	1.72727272727273
21	3.76190476190476
12	1.5
42	2.69047619047619
9	1.33333333333333
30	2.96666666666667
8	1.125
8	1.5
102	6.29411764705882
11	1.54545454545455
13	1.61538461538462
16	3.4375
6	1
36	2.47222222222222
13	1.76923076923077
10	1.6
14	1.35714285714286
9	1.88888888888889
6	1.33333333333333
29	1.89655172413793
21	2.95238095238095
10	1.5
23	1.73913043478261
25	1.56
10	1.5
10	2.2
8	1.25
43	4.30232558139535
37	2.86486486486486
54	3.51851851851852
11	2.36363636363636
19	1.89473684210526
12	1.58333333333333
15	1.53333333333333
10	1.4
3	0.666666666666667
8	1.5
8	1.5
10	1.2
15	1.8
12	1.41666666666667
15	2.26666666666667
7	1.42857142857143
31	3.54838709677419
15	1.26666666666667
12	1.33333333333333
7	1.71428571428571
10	1.6
6	1.5
10	2
8	1.5
11	2
11	1.27272727272727
13	1.69230769230769
7	1.28571428571429
7	1.28571428571429
9	1.33333333333333
11	1.45454545454545
8	1.25
11	1.72727272727273
6	1.5
14	2.14285714285714
7	1.28571428571429
10	1.3
36	2.44444444444444
9	1.33333333333333
25	2.16
7	1.14285714285714
14	2.14285714285714
17	2.17647058823529
26	3.03846153846154
45	3.53333333333333
11	1.45454545454545
43	2.41860465116279
14	1.85714285714286
26	3.53846153846154
69	4.20289855072464
48	2.4375
43	2.11627906976744
7	1.28571428571429
22	2.54545454545455
10	1.6
12	1.66666666666667
36	2.55555555555556
11	1.54545454545455
27	2.62962962962963
3	0.666666666666667
5	0.8
5	0.8
5	0.8
5	0.8
6	1
13	1.53846153846154
24	2.125
11	1.54545454545455
14	1.21428571428571
7	1.14285714285714
14	2.07142857142857
13	1.84615384615385
9	1.33333333333333
3	1
3	1
28	2.5
11	1.36363636363636
6	1.5
22	2.04545454545455
6	1.16666666666667
36	3.44444444444444
8	1.375
34	3.08823529411765
23	2.69565217391304
24	4.08333333333333
11	1.27272727272727
35	2.22857142857143
26	3
13	1.92307692307692
8	1.375
8	1.25
59	4.15254237288136
33	2
5	0.8
39	2.56410256410256
10	1.9
11	1.90909090909091
11	1.45454545454545
11	1.27272727272727
11	1.90909090909091
10	2.3
12	1.41666666666667
23	2.47826086956522
9	1.33333333333333
11	2
31	2.51612903225806
10	1.5
11	2.72727272727273
45	2.91111111111111
14	1.78571428571429
26	2.26923076923077
33	1.78787878787879
8	1.25
21	1.61904761904762
12	1.58333333333333
10	1.3
9	1.77777777777778
8	1.5
8	1.5
26	2.11538461538462
39	3.79487179487179
7	1.28571428571429
15	1.86666666666667
11	1.36363636363636
26	1.84615384615385
11	1.36363636363636
9	1.77777777777778
8	1.375
24	2.95833333333333
9	1.44444444444444
26	4.23076923076923
14	2.78571428571429
5	1.2
8	1.125
23	2
12	1.58333333333333
26	2.96153846153846
15	2
13	2.07692307692308
34	2.38235294117647
7	1.85714285714286
11	1.63636363636364
6	1.16666666666667
13	1.61538461538462
10	1.5
7	1.57142857142857
10	1.3
8	1.125
5	1.4
94	4.12765957446809
8	1.5
33	3.51515151515152
7	1.42857142857143
38	2.21052631578947
15	2
37	4.97297297297297
15	2.06666666666667
13	2.23076923076923
11	1.63636363636364
31	2.48387096774194
10	1.6
10	1.6
29	2.20689655172414
10	1.7
7	1.42857142857143
12	1.66666666666667
10	1.6
27	2.11111111111111
6	1.16666666666667
11	1.90909090909091
55	3.21818181818182
11	1.90909090909091
9	2.66666666666667
17	1.88235294117647
34	2.44117647058824
13	1.30769230769231
11	1.54545454545455
12	1.83333333333333
16	2.875
11	1.27272727272727
8	1.375
8	1.75
17	1.82352941176471
9	1.55555555555556
7	1.28571428571429
10	1.5
8	1.75
10	1.9
5	1
8	1.5
7	1.14285714285714
8	1.75
9	1.11111111111111
16	1.5625
16	1.8125
7	1.14285714285714
8	1.75
11	2
10	1.5
12	1.58333333333333
15	1.8
8	1.75
8	1.375
19	2.73684210526316
14	1.92857142857143
10	1.6
8	1.75
11	1.27272727272727
15	1.73333333333333
16	1.5625
14	2.5
8	1.75
12	1.83333333333333
16	2.875
11	1.27272727272727
8	1.375
31	2.74193548387097
7	1.14285714285714
15	2.33333333333333
4	1.25
8	1.75
6	1
10	1.4
24	2.41666666666667
9	1.44444444444444
8	1.75
8	1.375
7	1.14285714285714
10	1.5
13	1.38461538461538
8	1.75
22	2.31818181818182
15	2.26666666666667
11	1.72727272727273
14	1.71428571428571
8	1.875
6	1.83333333333333
10	1.4
5	1
12	1.41666666666667
8	1.75
12	1.75
10	2
36	2.19444444444444
32	2.5
5	0.8
7	1.42857142857143
12	1.5
74	3.60810810810811
7	1.42857142857143
5	1
3	0.666666666666667
8	1.375
3	0.666666666666667
8	1.5
44	2.04545454545455
7	1.42857142857143
40	3.65
72	3.84722222222222
6	1.16666666666667
14	2.21428571428571
5	1
8	2.875
33	2.36363636363636
36	2.97222222222222
3	0.666666666666667
37	2.62162162162162
3	1
23	2.17391304347826
32	2.3125
4	0.75
10	1.4
46	2.84782608695652
18	2.16666666666667
49	2.18367346938776
66	3.92424242424242
37	2.35135135135135
37	2.18918918918919
7	1.28571428571429
6	1.16666666666667
30	3.06666666666667
41	2.48780487804878
34	3.14705882352941
31	2.12903225806452
42	6.38095238095238
7	1.14285714285714
9	1.55555555555556
9	1.88888888888889
43	2.65116279069767
14	2.42857142857143
35	2.51428571428571
33	2.06060606060606
9	1.33333333333333
14	1.92857142857143
41	3.31707317073171
40	2.525
5	1.2
48	2.45833333333333
16	2.25
31	2.54838709677419
6	1.16666666666667
34	2.11764705882353
49	2.53061224489796
28	2.60714285714286
7	1.14285714285714
4	1.25
12	1.91666666666667
4	1
46	3.5
25	2.04
65	3.15384615384615
22	2.81818181818182
5	1.2
3	0.666666666666667
6	1.83333333333333
10	1.9
6	1.5
4	1
23	2.21739130434783
5	1.2
7	1.28571428571429
25	2.12
8	1.5
10	1.2
14	1.92857142857143
18	2
8	2.375
11	1.36363636363636
16	2.1875
16	1.625
13	2.38461538461538
8	2.375
13	1.69230769230769
26	2.38461538461538
8	1.375
11	2.09090909090909
8	2.375
7	1.85714285714286
9	1.66666666666667
14	1.64285714285714
7	1.28571428571429
8	2.375
10	1.4
14	1.64285714285714
13	2.07692307692308
4	0.75
8	2.375
11	1.27272727272727
25	1.92
9	1.66666666666667
8	1.375
8	2.375
10	1.7
8	1.375
10	1.5
11	1.45454545454545
8	2.375
8	1.5
10	1.2
14	1.92857142857143
18	2
8	2.375
7	1
8	1.625
11	2
13	1.76923076923077
8	2.375
14	1.92857142857143
9	1.44444444444444
12	1.5
15	2.26666666666667
8	2.375
11	1.45454545454545
12	1.66666666666667
8	1.25
28	3.25
8	2.375
11	1.45454545454545
22	2
6	1.16666666666667
8	1.375
8	2.375
5	1
12	1.66666666666667
15	2.2
11	1.90909090909091
8	2.375
9	1.22222222222222
13	1.69230769230769
84	3.77380952380952
57	2.28070175438596
42	2.47619047619048
3	0.666666666666667
9	1.33333333333333
22	1.81818181818182
4	1
7	1.71428571428571
70	3.14285714285714
5	1.2
3	1
5	1
45	3.06666666666667
6	1.33333333333333
4	1
3	1
34	1.97058823529412
7	1.71428571428571
53	2.41509433962264
70	4.84285714285714
49	2.6734693877551
3	0.666666666666667
8	1.5
39	2.8974358974359
8	1.5
18	1.5
46	2.52173913043478
6	1.33333333333333
32	2.59375
12	1.5
11	2
32	2.15625
59	3.33898305084746
15	2
66	3.40909090909091
6	1.5
61	3.73770491803279
11	1.54545454545455
34	3.17647058823529
60	3.13333333333333
44	3.04545454545455
31	2.06451612903226
30	2.06666666666667
48	2.6875
63	2.44444444444444
53	4.11320754716981
44	3.20454545454545
62	3.80645161290323
42	2.54761904761905
25	2.16
48	2.25
75	3.57333333333333
27	2.07407407407407
10	1.2
3	1
13	1.76923076923077
36	2.36111111111111
3	0.666666666666667
22	1.90909090909091
21	1.61904761904762
21	2.80952380952381
3	0.666666666666667
16	2.3125
25	4.16
36	2.80555555555556
44	2.27272727272727
39	3.28205128205128
50	5.98
25	3.2
11	1.90909090909091
4	0.75
6	1.33333333333333
39	2.56410256410256
5	1.2
54	3.09259259259259
40	3.35
69	3.69565217391304
5	0.8
3	0.666666666666667
36	2.86111111111111
60	2.73333333333333
49	2.87755102040816
47	2.57446808510638
62	2.91935483870968
4	0.75
10	1.6
30	2.3
9	1.33333333333333
47	4.82978723404255
14	1.78571428571429
21	1.9047619047619
6	1.16666666666667
40	3.9
7	1.28571428571429
3	1
40	2.2
30	2.1
21	3.14285714285714
3	1
3	1
3	0.666666666666667
45	3.4
43	2.6046511627907
8	1.375
38	2.36842105263158
51	4.27450980392157
3	1
40	3.2
7	1.28571428571429
8	1.5
11	1.81818181818182
9	1.11111111111111
12	1.91666666666667
27	2.2962962962963
23	2.1304347826087
35	3.37142857142857
48	3.125
56	2.28571428571429
10	1.9
46	2.71739130434783
18	2.27777777777778
3	0.666666666666667
4	1
59	2.72881355932203
28	2.42857142857143
3	1
6	1
40	2.425
27	2.33333333333333
41	2.41463414634146
3	1
53	3.39622641509434
61	2.36065573770492
48	2.54166666666667
26	2.61538461538462
24	2
13	1.38461538461538
43	2.48837209302326
9	2
41	2.65853658536585
70	4.58571428571429
8	1.25
38	2.63157894736842
14	2.28571428571429
5	1
117	4.74358974358974
85	2.61176470588235
17	2.11764705882353
58	2.94827586206897
112	4.50892857142857
11	2.18181818181818
40	2.925
8	2
36	2.47222222222222
10	2.3
29	2.72413793103448
3	1
62	3.61290322580645
40	2.275
63	3.61904761904762
45	2.48888888888889
36	2
40	2.6
40	4.1
70	3.94285714285714
26	2.65384615384615
58	2.6551724137931
80	3.0375
46	3.02173913043478
22	2.95454545454545
46	4.97826086956522
12	1.66666666666667
53	2.71698113207547
5	1.2
5	1.4
14	2
13	2.15384615384615
3	0.666666666666667
4	1
9	2.33333333333333
12	2
9	1.33333333333333
29	2.58620689655172
14	2
22	1.81818181818182
54	3.5
79	3.63291139240506
15	1.8
31	2.19354838709677
39	2.43589743589744
64	7.09375
51	3.19607843137255
112	3.91071428571429
97	3.76288659793814
10	1.5
15	2
113	6.5929203539823
39	3.17948717948718
5	1.2
54	3.37037037037037
6	1.33333333333333
41	2.85365853658537
88	5.05681818181818
128	9.3671875
102	3.63725490196078
7	1.28571428571429
36	2.61111111111111
10	1.5
43	4.04651162790698
13	1.76923076923077
28	3.28571428571429
18	2.44444444444444
5	1
14	1.71428571428571
27	2.33333333333333
37	2.81081081081081
79	4.0126582278481
55	3.6
6	1.5
68	2.85294117647059
10	1.3
57	3.15789473684211
135	6.93333333333333
9	2.33333333333333
93	5.31182795698925
13	2.07692307692308
127	4.47244094488189
70	3.27142857142857
7	1.28571428571429
53	3.39622641509434
37	2.16216216216216
14	1.57142857142857
24	1.70833333333333
32	3.0625
40	3.2
21	1.85714285714286
7	1.71428571428571
56	2.44642857142857
102	3.86274509803922
66	3.21212121212121
10	1.5
3	0.666666666666667
5	1.6
39	2.61538461538462
20	2.1
17	2.17647058823529
12	2
192	5.71354166666667
6	1.16666666666667
11	2.36363636363636
62	2.61290322580645
46	2.78260869565217
51	2.96078431372549
35	1.91428571428571
13	2
59	3.38983050847458
10	1.7
52	2.80769230769231
49	2.85714285714286
5	1.4
57	2.7719298245614
31	2.83870967741935
48	2.41666666666667
19	2.31578947368421
11	1.27272727272727
53	2.41509433962264
14	2.42857142857143
38	2.94736842105263
46	2.39130434782609
46	2.39130434782609
32	2.71875
9	1.22222222222222
54	3.5
14	1.5
39	2.79487179487179
39	2.76923076923077
31	2.45161290322581
42	3.35714285714286
7	1.28571428571429
95	3.33684210526316
8	1.5
28	2.64285714285714
11	2.54545454545455
45	2.97777777777778
42	1.92857142857143
12	2
26	3.30769230769231
34	1.82352941176471
8	1.875
33	3.03030303030303
9	1.22222222222222
116	5.88793103448276
7	1.14285714285714
38	2.68421052631579
3	0.666666666666667
7	1.57142857142857
25	2.08
11	1.54545454545455
89	3.38202247191011
43	2.62790697674419
3	0.666666666666667
4	1.25
37	2.75675675675676
4	1.25
23	2.69565217391304
24	1.875
21	6.52380952380952
10	1.8
36	3.13888888888889
9	1.22222222222222
35	4.08571428571429
62	3.41935483870968
19	2.05263157894737
52	2.78846153846154
19	2.63157894736842
64	3.28125
34	3.14705882352941
58	4.22413793103448
16	1.4375
74	3.56756756756757
27	3.48148148148148
14	1.78571428571429
25	2
10	1.4
8	1.5
71	4.04225352112676
10	1.4
13	1.92307692307692
10	1.9
40	2.45
16	2
73	3.43835616438356
9	1.33333333333333
48	2.85416666666667
15	2
69	3.65217391304348
6	1.5
67	2.74626865671642
26	1.88461538461538
24	2.54166666666667
13	2
8	1.875
25	2.44
25	3.16
8	1.625
3	1
4	1
30	3
13	1.61538461538462
37	3.7027027027027
49	4.71428571428571
16	1.75
10	2.1
25	1.88
4	1
3	1
26	3.42307692307692
16	1.8125
31	1.87096774193548
21	3.23809523809524
4	1.25
23	2.73913043478261
27	2.25925925925926
9	1.33333333333333
19	2
17	2.23529411764706
13	1.38461538461538
25	2.08
28	2.21428571428571
12	1.33333333333333
11	1.63636363636364
26	2.80769230769231
51	2.54901960784314
10	1.7
42	2.45238095238095
13	1.53846153846154
47	2.68085106382979
15	1.66666666666667
40	2.5
10	1.4
13	1.61538461538462
48	4.75
140	4.00714285714286
8	1.625
77	3.09090909090909
11	1.27272727272727
27	2.22222222222222
52	2.46153846153846
6	1.33333333333333
27	2.62962962962963
34	3.14705882352941
4	0.75
18	1.72222222222222
5	1
23	1.65217391304348
15	1.8
30	2.86666666666667
7	1.14285714285714
16	1.9375
18	2.05555555555556
9	1.55555555555556
41	3.8780487804878
12	1.83333333333333
48	2.83333333333333
14	3
20	2.85
10	1.8
9	1.77777777777778
26	2.19230769230769
7	1.71428571428571
22	2.5
10	1.5
47	2.53191489361702
7	1.14285714285714
52	2.94230769230769
43	3.23255813953488
7	1.57142857142857
51	2.66666666666667
16	2.0625
51	3.52941176470588
47	3.65957446808511
12	1.41666666666667
17	2.64705882352941
11	2.18181818181818
31	2.93548387096774
50	2.2
11	1.63636363636364
39	2.71794871794872
15	1.93333333333333
33	2.33333333333333
19	1.84210526315789
22	2.13636363636364
33	2.87878787878788
48	2.5625
17	2.17647058823529
73	3.50684931506849
52	2.53846153846154
42	2.76190476190476
48	2.5625
12	1.58333333333333
33	2.18181818181818
19	2.68421052631579
13	1.69230769230769
42	2.76190476190476
42	2.54761904761905
71	3.26760563380282
45	3.33333333333333
12	1.66666666666667
37	3.24324324324324
10	1.4
17	2
9	1.44444444444444
17	2.52941176470588
15	1.93333333333333
38	3.18421052631579
15	1.66666666666667
43	2.97674418604651
21	1.95238095238095
69	3.31884057971015
10	1.7
26	2.76923076923077
5	1.2
4	1
40	2.425
43	1.83720930232558
57	2.08771929824561
109	3.05504587155963
30	2.33333333333333
64	2.640625
36	2
10	1.6
27	2
23	2.91304347826087
8	1.125
58	3.58620689655172
27	2.03703703703704
60	3.01666666666667
16	1.875
60	3.95
8	1.25
19	1.89473684210526
49	3.53061224489796
5	1.2
39	3.25641025641026
29	3.79310344827586
6	1.83333333333333
41	2.39024390243902
46	2.15217391304348
60	4.23333333333333
13	1.92307692307692
42	2.19047619047619
7	1.42857142857143
35	3.17142857142857
6	1.5
21	1.95238095238095
19	2
9	1.44444444444444
37	2.78378378378378
30	2.23333333333333
9	1.33333333333333
35	2.22857142857143
6	1.33333333333333
40	3.175
14	1.64285714285714
40	2.325
18	2
23	1.91304347826087
15	3
56	3.07142857142857
19	2.10526315789474
30	2.7
60	3
55	3.18181818181818
21	2.42857142857143
9	1.66666666666667
59	3.03389830508475
41	2.5609756097561
13	1.46153846153846
25	1.92
34	3.32352941176471
3	1
60	2.85
33	3.06060606060606
7	1.57142857142857
82	5.35365853658537
4	1
58	3.3448275862069
37	3.13513513513514
23	1.91304347826087
10	1.6
6	1.16666666666667
15	2.06666666666667
89	4.62921348314607
27	2.96296296296296
49	3.6530612244898
136	2.52205882352941
106	2.70754716981132
95	2.70526315789474
47	4
5	1.2
33	2.15151515151515
14	2.21428571428571
11	1.72727272727273
11	1.63636363636364
4	1
7	1.28571428571429
11	1.45454545454545
3	1
13	2.15384615384615
6	1.16666666666667
8	1.25
7	1.85714285714286
14	1.92857142857143
13	2.15384615384615
18	3.11111111111111
6	1.16666666666667
9	2.22222222222222
7	1.14285714285714
7	1.57142857142857
9	1.55555555555556
12	3.16666666666667
11	1.54545454545455
32	3.09375
12	1.66666666666667
29	2.51724137931034
38	2.68421052631579
76	3.57894736842105
5	1.4
15	1.93333333333333
17	1.76470588235294
20	2
17	1.70588235294118
27	1.96296296296296
13	1.84615384615385
17	1.82352941176471
20	2.3
46	2.34782608695652
22	1.95454545454545
15	2.93333333333333
11	1.63636363636364
30	2
43	2.6046511627907
22	2.18181818181818
12	1.66666666666667
46	2.15217391304348
51	3.13725490196078
7	1.28571428571429
29	1.93103448275862
5	1.4
51	2.56862745098039
12	1.58333333333333
54	2.72222222222222
10	1.5
48	2.91666666666667
63	2.96825396825397
8	2
63	2.41269841269841
36	3
8	1.25
39	3.43589743589744
12	1.58333333333333
33	3.15151515151515
35	3.17142857142857
46	2.26086956521739
10	1.5
46	3.15217391304348
6	1.66666666666667
34	2.14705882352941
10	1.7
53	2.47169811320755
38	2.57894736842105
5	1
13	1.61538461538462
20	1.8
22	2.22727272727273
25	2.96
20	2.8
13	1.61538461538462
82	3.17073170731707
59	2.61016949152542
9	1.55555555555556
12	1.66666666666667
12	1.83333333333333
26	1.80769230769231
17	3.41176470588235
11	1.45454545454545
4	0.75
20	1.85
7	1.71428571428571
50	3.18
33	2.45454545454545
23	2.26086956521739
21	2.85714285714286
26	2.38461538461538
6	1
56	2.71428571428571
24	1.91666666666667
99	3.63636363636364
7	1.28571428571429
37	2.89189189189189
67	2.77611940298507
9	1.55555555555556
62	2.38709677419355
29	3.27586206896552
26	2.03846153846154
11	2.45454545454545
35	2.85714285714286
26	2.46153846153846
49	2.69387755102041
6	1
71	3.49295774647887
69	3.53623188405797
7	1.28571428571429
21	2.0952380952381
36	2.58333333333333
22	2.90909090909091
11	1.72727272727273
76	3.25
5	1.4
27	2.37037037037037
4	1
11	1.45454545454545
9	1.22222222222222
15	3.13333333333333
12	1.75
15	1.66666666666667
7	1.85714285714286
5	1.4
5	1.4
10	2.4
19	2.57894736842105
15	1.46666666666667
22	3.59090909090909
7	1.57142857142857
15	1.66666666666667
5	1.2
6	1
9	1.55555555555556
11	1.36363636363636
9	1.44444444444444
18	2.66666666666667
11	2.27272727272727
6	1.33333333333333
9	1.77777777777778
13	2
12	1.25
7	1.28571428571429
44	2.70454545454545
6	1.5
20	2.25
11	1.54545454545455
7	2
3	0.666666666666667
4	1
26	2
10	1.5
37	2.48648648648649
10	1.3
29	1.82758620689655
4	1
12	1.58333333333333
71	2.73239436619718
42	3.4047619047619
41	1.97560975609756
26	2.34615384615385
15	1.86666666666667
16	1.5
17	2
42	2.42857142857143
11	1.54545454545455
74	5.78378378378378
7	1
21	1.76190476190476
5	0.8
27	2.96296296296296
16	1.5625
17	2
23	2.91304347826087
26	3.46153846153846
17	1.70588235294118
11	1.54545454545455
16	2.625
43	3.13953488372093
34	2.02941176470588
14	1.35714285714286
21	2.19047619047619
30	2.86666666666667
7	1.42857142857143
32	1.90625
62	5.2258064516129
15	2.26666666666667
12	1.66666666666667
12	1.5
6	1.16666666666667
22	2.31818181818182
13	2.30769230769231
8	1.25
16	2.25
5	1
6	1.16666666666667
56	4.66071428571429
22	3.22727272727273
13	1.76923076923077
5	1.6
30	2.16666666666667
10	1.4
60	5.31666666666667
36	3.02777777777778
34	2.05882352941176
10	1.5
16	2.5
9	1.11111111111111
27	2.48148148148148
19	2.89473684210526
13	1.76923076923077
37	3.08108108108108
9	1.44444444444444
25	2.08
19	1.89473684210526
16	1.3125
18	1.66666666666667
25	2
6	1.33333333333333
16	2
45	2.51111111111111
14	1.78571428571429
96	5.91666666666667
38	1.92105263157895
10	1.6
15	2
31	2.58064516129032
22	2.09090909090909
38	2.21052631578947
31	2.06451612903226
5	1.2
58	3.62068965517241
55	3.01818181818182
8	1.25
65	2.36923076923077
25	2
57	2.10526315789474
8	1.375
29	2.58620689655172
15	1.6
47	2.85106382978723
35	3.42857142857143
22	2.40909090909091
7	1.28571428571429
9	1.33333333333333
48	3.1875
12	1.58333333333333
41	2.04878048780488
18	1.77777777777778
38	2.92105263157895
4	0.75
19	1.63157894736842
47	3.5531914893617
17	2.35294117647059
19	2
7	1.71428571428571
33	2.3030303030303
29	3.48275862068966
22	2.63636363636364
68	4.01470588235294
29	3.06896551724138
27	2.88888888888889
11	2.27272727272727
14	1.42857142857143
42	2.28571428571429
42	3.9047619047619
8	1.5
50	2.22
11	1.72727272727273
42	2.61904761904762
12	1.83333333333333
38	3.18421052631579
64	3.046875
43	2.95348837209302
29	2.31034482758621
49	4.24489795918367
12	1.91666666666667
37	2.67567567567568
9	1.88888888888889
69	4.17391304347826
11	1.45454545454545
23	2.39130434782609
34	2.58823529411765
42	4.26190476190476
15	2
33	2.45454545454545
126	3.93650793650794
17	1.94117647058824
38	2.78947368421053
7	1.85714285714286
35	3.08571428571429
10	1.7
62	4.12903225806452
11	1.36363636363636
65	3.41538461538462
8	1.75
35	2.54285714285714
45	3.22222222222222
26	4.53846153846154
8	1.25
80	3.35
8	1.25
45	3.4
81	4.40740740740741
8	1.875
96	3.61458333333333
10	1.2
76	3.13157894736842
97	3.92783505154639
116	2.94827586206897
52	2.55769230769231
66	4.15151515151515
47	2.08510638297872
5	0.8
45	2.82222222222222
16	2
40	2.775
33	2.51515151515152
10	1.3
23	2.30434782608696
48	2.60416666666667
56	3.10714285714286
35	2.51428571428571
25	2.24
48	3.3125
12	1.66666666666667
73	2.89041095890411
25	2
12	1.66666666666667
9	1.33333333333333
66	2.1969696969697
73	4.26027397260274
5	1
56	2.66071428571429
17	2.11764705882353
23	2.47826086956522
18	1.77777777777778
12	1.75
40	2.525
52	4.48076923076923
57	2.45614035087719
11	1.54545454545455
13	1.61538461538462
55	3.14545454545455
13	1.76923076923077
87	3.68965517241379
8	1.625
13	1.46153846153846
16	1.4375
37	3.59459459459459
17	1.94117647058824
6	1.16666666666667
64	2.875
98	4.23469387755102
58	4.89655172413793
13	2
16	1.8125
72	5.63888888888889
66	2.68181818181818
10	1.8
27	2.40740740740741
11	2
68	3.17647058823529
39	3.35897435897436
60	3.43333333333333
71	3.3943661971831
31	3.93548387096774
19	1.89473684210526
40	2.4
37	2.72972972972973
57	3.29824561403509
8	1.75
9	1.66666666666667
47	5.70212765957447
33	2.93939393939394
44	3.40909090909091
12	2.41666666666667
43	3.88372093023256
5	1.2
16	2.4375
10	1.6
28	2.89285714285714
11	1.72727272727273
55	3.6
14	1.92857142857143
44	3.95454545454545
8	1.75
47	3.34042553191489
86	3.48837209302326
72	2.95833333333333
62	3.29032258064516
17	2.64705882352941
46	2.34782608695652
8	1.75
13	2.38461538461538
23	1.73913043478261
23	3.43478260869565
22	1.90909090909091
10	1.8
38	2.47368421052632
12	1.75
24	2.16666666666667
31	2.2258064516129
18	1.61111111111111
19	1.68421052631579
7	1.28571428571429
8	1.625
16	1.8125
22	2.04545454545455
71	2.73239436619718
13	1.69230769230769
42	3.66666666666667
42	2.5952380952381
8	1.25
61	2.98360655737705
35	1.97142857142857
11	1.72727272727273
28	2.17857142857143
7	1.14285714285714
12	1.41666666666667
65	3.12307692307692
61	2.55737704918033
28	2.03571428571429
6	1.16666666666667
15	1.8
6	1
40	4.05
9	1.33333333333333
12	2.08333333333333
14	1.78571428571429
48	3.02083333333333
7	1.71428571428571
20	2
27	1.88888888888889
4	1
14	2.5
43	2.32558139534884
41	2.70731707317073
75	2.8
23	3.43478260869565
59	3.01694915254237
37	3.05405405405405
35	3.51428571428571
22	2.45454545454545
9	1.33333333333333
92	3.46739130434783
41	2.90243902439024
11	2.18181818181818
61	3.70491803278689
43	3.58139534883721
23	1.82608695652174
38	3.15789473684211
40	3.125
8	1.375
62	3.95161290322581
39	2.12820512820513
24	1.91666666666667
85	3.84705882352941
30	2.1
6	1
78	3.46153846153846
35	2.08571428571429
22	1.81818181818182
46	2.89130434782609
77	3.97402597402597
72	3.11111111111111
74	2.21621621621622
36	2.66666666666667
23	1.91304347826087
58	3.17241379310345
51	3.6078431372549
38	2.84210526315789
46	2.71739130434783
22	1.95454545454545
37	2.64864864864865
69	3.95652173913043
20	2.55
19	1.89473684210526
14	1.78571428571429
19	1.63157894736842
12	1.41666666666667
60	2.75
6	0.833333333333333
18	1.72222222222222
15	2.86666666666667
40	3.65
24	2.875
9	1.55555555555556
9	1.33333333333333
35	2.25714285714286
51	2.13725490196078
30	2.53333333333333
69	4.10144927536232
33	2.33333333333333
13	2.07692307692308
30	2
18	1.94444444444444
47	3.51063829787234
3	1
18	3.16666666666667
19	3.10526315789474
17	1.41176470588235
8	1.25
19	2.36842105263158
87	4.50574712643678
36	2.36111111111111
74	2.39189189189189
56	2.89285714285714
44	3.40909090909091
16	1.625
56	3.21428571428571
6	1.33333333333333
17	1.94117647058824
11	1.45454545454545
23	1.73913043478261
14	1.71428571428571
23	2.17391304347826
13	2.07692307692308
46	2.89130434782609
46	2.6304347826087
38	1.92105263157895
36	2.55555555555556
57	3.19298245614035
10	1.7
28	3.78571428571429
32	2.8125
17	1.58823529411765
15	1.66666666666667
12	1.66666666666667
48	2.66666666666667
19	2.57894736842105
16	1.625
8	1.25
33	3.42424242424242
11	1.63636363636364
59	3.20338983050847
25	1.96
3	0.666666666666667
12	1.33333333333333
35	3.62857142857143
10	1.6
18	1.72222222222222
11	1.27272727272727
22	2.72727272727273
43	2.37209302325581
74	3.08108108108108
52	2.92307692307692
9	1.33333333333333
29	2.89655172413793
17	1.82352941176471
4	1
32	2.78125
36	3.86111111111111
94	3.13829787234043
69	3.30434782608696
8	1.5
31	3.67741935483871
12	1.5
65	3.35384615384615
33	2.06060606060606
9	1.88888888888889
32	2.96875
4	1
68	3.48529411764706
9	1.55555555555556
12	1.33333333333333
87	3.26436781609195
34	2
6	1
16	1.5625
14	1.71428571428571
28	2.35714285714286
9	1.44444444444444
24	1.79166666666667
20	2.1
20	2.2
9	1.44444444444444
16	1.625
58	2.32758620689655
9	1.55555555555556
19	2.57894736842105
34	2.55882352941176
69	3.15942028985507
29	1.93103448275862
8	1.125
25	2.28
20	2.15
27	2
22	1.90909090909091
20	2.4
25	1.84
9	1.44444444444444
35	4.85714285714286
65	3.43076923076923
38	3.73684210526316
33	3
9	1.33333333333333
100	4.49
87	4.42528735632184
26	2.15384615384615
23	1.8695652173913
50	4.1
70	3.88571428571429
27	2.44444444444444
9	1.88888888888889
51	2.45098039215686
11	1.45454545454545
29	2
32	2.875
42	3
7	1.42857142857143
22	3.18181818181818
31	2.38709677419355
11	1.54545454545455
48	2.47916666666667
15	2.13333333333333
78	3.96153846153846
10	1.4
49	2.59183673469388
12	1.91666666666667
46	3.78260869565217
9	1.66666666666667
38	3.60526315789474
40	4.3
61	7.0327868852459
11	1.36363636363636
102	3.48039215686275
17	1.88235294117647
53	2.35849056603774
20	2.55
38	2.71052631578947
33	2.09090909090909
11	1.36363636363636
37	2.89189189189189
13	1.53846153846154
63	3.6984126984127
8	1.25
34	2.05882352941176
66	2.84848484848485
79	3.40506329113924
56	2.05357142857143
64	2.140625
10	1.7
27	2.59259259259259
8	1
35	2.85714285714286
36	3.52777777777778
37	3.54054054054054
53	3.0377358490566
10	1.7
54	3.77777777777778
50	3.02
4	1
44	4.27272727272727
55	3.70909090909091
7	1.28571428571429
23	2.08695652173913
22	1.72727272727273
11	2.09090909090909
81	3.60493827160494
7	1.14285714285714
19	1.84210526315789
7	1.57142857142857
62	2.74193548387097
8	1.375
32	2.15625
101	3.64356435643564
8	2.125
85	3.31764705882353
8	1.625
62	2.40322580645161
9	1.88888888888889
44	3.45454545454545
4	1.25
25	2.64
19	2.05263157894737
37	2.62162162162162
51	4.25490196078431
34	3.94117647058824
13	1.38461538461538
71	2.85915492957746
25	2.44
8	1.375
20	1.95
53	2.90566037735849
38	13.7105263157895
19	5.42105263157895
11	2.27272727272727
56	2.67857142857143
26	2.26923076923077
13	1.84615384615385
39	2.17948717948718
37	2.59459459459459
46	2.60869565217391
41	2.04878048780488
62	2.58064516129032
16	1.6875
49	2.53061224489796
12	1.5
37	3.05405405405405
49	2.24489795918367
8	1.125
30	2.63333333333333
44	3.02272727272727
17	4.05882352941176
6	1.16666666666667
30	2.56666666666667
18	2.27777777777778
7	1.42857142857143
30	2.13333333333333
30	2.83333333333333
10	2.3
29	2.44827586206897
10	1.4
25	2.32
10	2
18	3.05555555555556
11	1.36363636363636
21	2.57142857142857
36	2.30555555555556
7	1.42857142857143
8	1.5
51	2.90196078431373
10	1.4
19	2.68421052631579
7	1.57142857142857
66	2.36363636363636
10	1.6
23	2.1304347826087
13	1.46153846153846
24	2.16666666666667
8	1.625
42	2.45238095238095
7	1.57142857142857
40	2.5
43	2.53488372093023
10	1.2
71	4.54929577464789
5	1.2
30	1.73333333333333
5	1.2
37	2.40540540540541
11	1.18181818181818
16	1.375
10	1.8
8	1.5
8	2.125
24	2.91666666666667
10	1.6
26	2.42307692307692
11	1.45454545454545
32	2.46875
10	1.4
8	1.25
17	2.23529411764706
22	2.36363636363636
8	1.125
26	2.26923076923077
8	1.375
31	2.74193548387097
5	1
17	2.29411764705882
6	1.33333333333333
23	1.8695652173913
7	1.14285714285714
18	2
10	1.5
39	2.74358974358974
11	2.09090909090909
16	1.75
36	2
10	1.6
24	1.70833333333333
6	1.66666666666667
35	2.57142857142857
7	1.42857142857143
31	3.06451612903226
6	1.16666666666667
41	4.04878048780488
12	2.25
12	2.25
25	2.36
7	1.42857142857143
35	2.45714285714286
12	1.83333333333333
19	2.84210526315789
23	2.34782608695652
8	1.75
35	3.08571428571429
9	1.55555555555556
28	2.46428571428571
51	3.17647058823529
33	2.54545454545455
7	1.57142857142857
38	2.36842105263158
28	3.60714285714286
5	1.4
37	2.59459459459459
8	1.75
25	1.68
21	1.95238095238095
11	1.36363636363636
29	3
19	1.73684210526316
4	1.25
33	2.72727272727273
13	1.84615384615385
23	2.52173913043478
5	1.2
15	1.6
6	0.833333333333333
41	2.17073170731707
43	3.11627906976744
25	2
34	3.05882352941176
12	1.41666666666667
24	1.95833333333333
41	3.58536585365854
7	1.42857142857143
12	1.83333333333333
27	2.77777777777778
16	1.875
17	2.23529411764706
12	2
26	2.19230769230769
11	1.81818181818182
6	1.16666666666667
19	2.10526315789474
21	1.9047619047619
32	2.90625
27	2.33333333333333
7	1.42857142857143
34	2.5
12	1.83333333333333
48	2.4375
9	2.33333333333333
9	1.33333333333333
38	2.63157894736842
7	1.28571428571429
31	3.25806451612903
20	2.95
5	1
31	2.67741935483871
5	1.4
8	2
16	1.75
17	2.23529411764706
10	2
36	4.27777777777778
25	4.92
46	5.78260869565217
23	2.52173913043478
7	1.28571428571429
20	2.55
7	1.57142857142857
31	3.74193548387097
30	3
12	1.66666666666667
34	3.35294117647059
17	1.76470588235294
13	1.30769230769231
24	2.20833333333333
27	2.44444444444444
31	2.16129032258065
46	3.04347826086957
10	1.5
26	2.30769230769231
43	2.7906976744186
8	1.75
35	3.05714285714286
13	1.30769230769231
39	2.58974358974359
24	3.20833333333333
6	1.5
26	3
19	2.78947368421053
46	2.54347826086957
4	1
24	2.91666666666667
58	3.8448275862069
9	1.44444444444444
23	1.95652173913043
7	1.57142857142857
37	3.83783783783784
6	1
12	1.58333333333333
11	1.36363636363636
34	3.47058823529412
23	1.73913043478261
9	1.88888888888889
34	2.73529411764706
20	2.4
8	1.375
42	3.57142857142857
10	1.2
35	3.85714285714286
31	3.48387096774194
7	1.14285714285714
25	2.2
27	2.33333333333333
37	3.21621621621622
27	2.7037037037037
6	1.16666666666667
46	3.30434782608696
81	3.95061728395062
11	1.45454545454545
40	2.875
38	2.86842105263158
7	1.57142857142857
27	2.7037037037037
55	2.29090909090909
42	2.57142857142857
9	1.22222222222222
30	3.13333333333333
10	1.4
20	2.7
36	2.11111111111111
9	1.77777777777778
36	3.52777777777778
47	2.51063829787234
10	1.3
18	1.88888888888889
46	2.6304347826087
10	1.7
39	3.30769230769231
12	2
44	2.70454545454545
7	1.42857142857143
49	3.3469387755102
24	2.70833333333333
33	3.60606060606061
13	1.76923076923077
33	2.72727272727273
7	1.57142857142857
44	2.97727272727273
11	1.27272727272727
29	2.17241379310345
28	2.64285714285714
27	2
8	1.125
23	2
36	2.05555555555556
8	2.125
29	2.89655172413793
12	1.83333333333333
36	3.75
28	3.25
26	1.84615384615385
8	1.5
25	3.4
33	3.27272727272727
10	1.4
33	2.72727272727273
7	1.42857142857143
34	3.11764705882353
11	1.36363636363636
31	2.12903225806452
11	1.63636363636364
10	2.2
15	3
32	4.4375
10	1.3
42	3.66666666666667
8	1.25
24	3.125
11	1.54545454545455
33	3.36363636363636
23	2.56521739130435
8	1.375
37	3.02702702702703
8	1.125
36	2.83333333333333
7	1.57142857142857
22	1.90909090909091
18	1.94444444444444
19	2
26	2.73076923076923
8	1.5
33	2.60606060606061
28	2.03571428571429
15	2.2
39	2.76923076923077
11	1.54545454545455
20	3.55
11	2.90909090909091
46	3.69565217391304
16	2.125
34	3.11764705882353
24	2
7	1.28571428571429
24	2.83333333333333
9	1.66666666666667
20	3.2
12	1.75
27	2
10	1.3
33	2.96969696969697
9	1.44444444444444
25	2.36
40	2.7
16	1.9375
27	2.48148148148148
25	1.68
46	2.34782608695652
26	2.26923076923077
7	1.28571428571429
24	2.29166666666667
28	2.57142857142857
33	2.81818181818182
28	2.35714285714286
7	0.857142857142857
41	2.97560975609756
32	2.90625
19	2.26315789473684
37	2.18918918918919
24	2.54166666666667
22	1.95454545454545
35	2.45714285714286
23	2.47826086956522
8	1.25
34	3.61764705882353
34	2.67647058823529
10	1.3
51	2.96078431372549
48	2.64583333333333
15	1.6
11	1.54545454545455
29	2.3448275862069
7	1.42857142857143
28	1.85714285714286
19	1.52631578947368
8	1.375
38	2.21052631578947
7	1.42857142857143
27	3.59259259259259
24	2.125
25	2.52
10	1.7
33	3.12121212121212
28	2.64285714285714
43	2.30232558139535
31	2.51612903225806
50	5.04
12	2.33333333333333
32	3.90625
15	2.53333333333333
28	2
43	3.37209302325581
9	1.22222222222222
39	2.84615384615385
35	3.34285714285714
35	2.57142857142857
6	1.66666666666667
26	3.23076923076923
31	4.64516129032258
25	3.52
10	1.8
7	1.28571428571429
31	2.80645161290323
10	1.7
22	3.40909090909091
10	1.6
22	2
6	1.16666666666667
50	3
59	2.61016949152542
8	1.375
35	4.37142857142857
17	2
7	1.85714285714286
22	3.72727272727273
29	3.03448275862069
32	3.5625
26	2.30769230769231
8	1.25
34	2.44117647058824
10	1.3
21	2.04761904761905
29	1.68965517241379
17	1.52941176470588
35	3.37142857142857
19	1.84210526315789
9	1.11111111111111
22	2.04545454545455
31	3.29032258064516
19	3.73684210526316
38	3.02631578947368
37	2.48648648648649
33	4.6969696969697
47	3.48936170212766
11	1.54545454545455
35	2.4
28	2.46428571428571
10	1.3
26	3.30769230769231
24	2.41666666666667
11	1.45454545454545
25	2.32
38	2.55263157894737
12	1.25
11	1.45454545454545
26	2.19230769230769
14	1.64285714285714
18	1.61111111111111
9	2.22222222222222
38	3.21052631578947
5	1.2
29	2.48275862068966
39	3.05128205128205
6	0.833333333333333
33	2.15151515151515
26	2.88461538461538
8	1.25
28	3.28571428571429
6	1.33333333333333
28	2.96428571428571
26	2.34615384615385
10	1.7
23	2.21739130434783
37	3
9	1.44444444444444
30	3.3
35	2.11428571428571
13	1.84615384615385
29	3.55172413793103
30	2.63333333333333
12	1.58333333333333
41	3.24390243902439
5	1
25	2.84
23	1.8695652173913
10	1.6
7	1.57142857142857
30	4.76666666666667
44	2.93181818181818
11	2
45	3.44444444444444
