"node"	"mean_edge_length"
8	1.875
13	2.53846153846154
5	1
5	1
8	2
8	2.125
5	1
9	2.33333333333333
9	1.88888888888889
4	1.5
6	2.16666666666667
4	1.25
6	1.16666666666667
10	1.5
5	1.2
11	2
4	1.5
9	1.33333333333333
4	1
10	2.4
6	1.5
4	1.5
7	2.14285714285714
8	1.625
6	1.16666666666667
9	2
3	0.666666666666667
3	1
3	1
6	1.83333333333333
5	1.6
7	2.57142857142857
3	0.666666666666667
5	1.2
7	2.42857142857143
6	1.5
6	1.83333333333333
3	1
5	1
5	1.2
5	1.4
4	1.25
6	1
11	1.63636363636364
6	2
5	1.4
6	1.33333333333333
4	1.5
4	1
3	1
4	1
6	1.83333333333333
7	1
3	1
8	1.5
4	1.5
6	1.83333333333333
6	1.5
6	1.5
3	1
4	1.25
3	1
5	1.4
8	1.875
4	1.25
4	1
9	1.55555555555556
4	1
6	1.66666666666667
4	1.5
3	1
10	1.8
3	1
8	1.75
5	1.4
4	1
5	1.6
3	1
6	2.33333333333333
6	1.16666666666667
9	2
4	1
4	1.25
4	1.5
8	1.625
7	2
9	2.22222222222222
10	1.9
5	1
5	1
5	2
6	1.83333333333333
8	2
4	1.5
3	0.666666666666667
4	1.5
4	1
5	1.2
5	1.2
6	1.5
3	1
10	1.9
3	1
4	1.25
7	2.14285714285714
8	1.75
4	1.5
3	1
5	1.2
5	1.4
8	1.625
7	1.71428571428571
4	1
3	1
7	1.14285714285714
6	1.83333333333333
4	1
3	1
3	1
5	1.2
3	1
3	1
7	2.42857142857143
8	2.5
5	1.6
4	0.75
9	2.22222222222222
14	2.35714285714286
5	1
7	2.57142857142857
12	1.91666666666667
3	1
5	1.4
5	2
4	1.5
5	1.8
3	1
5	1.2
9	2
7	1.85714285714286
5	2
11	2.18181818181818
9	1.77777777777778
3	1
4	1
5	1.4
6	1.16666666666667
3	1
4	0.75
7	1.85714285714286
4	1.5
9	2.55555555555556
11	2.45454545454545
7	1.85714285714286
9	1.55555555555556
6	1.5
7	3
8	2.25
3	1
12	2.75
3	1
13	4.30769230769231
8	2.25
5	2
7	2.57142857142857
6	1.66666666666667
10	1.7
13	2.84615384615385
10	1.9
6	1.83333333333333
17	2.23529411764706
7	2.71428571428571
6	2.5
9	3.44444444444444
7	2.71428571428571
11	1.90909090909091
9	2.22222222222222
10	1.4
4	1
5	1.4
11	1.54545454545455
4	1.5
3	0.666666666666667
5	1.4
8	2.375
6	1.66666666666667
10	1.8
4	0.75
4	1
9	1.44444444444444
4	1.5
6	1.33333333333333
7	2
5	1.4
6	1.83333333333333
7	1.42857142857143
5	2
5	1.2
4	1
5	1.2
6	1.33333333333333
4	1.5
10	1.8
9	2.22222222222222
8	2.75
11	2.36363636363636
5	1.4
6	1.5
7	1.42857142857143
5	2
11	1.72727272727273
6	1.66666666666667
3	1
6	1.83333333333333
8	1.5
5	1
7	1.71428571428571
7	1.85714285714286
4	1
3	1
7	2.14285714285714
3	1
3	1
3	1
6	1.5
7	2.71428571428571
3	0.666666666666667
7	1.28571428571429
10	1.6
6	2.16666666666667
8	2.5
9	2.11111111111111
3	1
9	1.77777777777778
6	1.83333333333333
8	1.625
5	1.4
3	0.666666666666667
7	1.28571428571429
6	1.33333333333333
3	1
7	1.85714285714286
7	2.14285714285714
4	1.5
6	1.5
6	1.33333333333333
4	1
4	1
6	2
4	1.5
3	1
4	1.5
8	1.5
4	1.5
10	2.2
11	1.54545454545455
3	1
8	2.375
16	2.6875
3	1
5	1.2
3	0.666666666666667
3	0.666666666666667
7	1.28571428571429
8	1.625
5	1.6
4	1.5
8	1.5
7	2.28571428571429
3	0.666666666666667
6	1.66666666666667
10	1.9
3	0.666666666666667
12	2.08333333333333
11	2.45454545454545
4	1
5	1.2
4	1.5
14	2.28571428571429
5	1.2
11	2
10	2
11	1.90909090909091
5	0.8
3	1
10	2.4
8	2.125
7	1.57142857142857
7	1.85714285714286
6	2.33333333333333
3	1
4	1.5
7	2
4	1.5
7	1.71428571428571
5	2
6	1.83333333333333
6	1.33333333333333
6	2.5
6	1.16666666666667
9	1.66666666666667
3	1
3	1
6	1.33333333333333
4	0.75
5	1.8
4	1.5
9	2.11111111111111
5	1
5	1.8
10	2.2
3	1
3	1
6	1.33333333333333
7	1.57142857142857
4	1.5
6	1.16666666666667
5	1.4
4	1.5
13	2.23076923076923
4	1.5
6	1.66666666666667
6	1.83333333333333
4	1
4	1
5	1.4
6	2.5
6	1.66666666666667
5	2
6	2.33333333333333
4	1.5
7	1.42857142857143
4	1.5
5	1.8
3	1
5	1.8
5	1.4
3	1
5	2
7	1.85714285714286
4	1
8	1.875
7	1.57142857142857
3	1
7	1.85714285714286
3	1
4	1.25
4	0.75
5	1.8
8	2.875
3	0.666666666666667
3	1
9	2.33333333333333
5	1.2
3	0.666666666666667
5	1.2
7	1.42857142857143
5	1.4
3	0.666666666666667
4	0.75
5	1.2
5	1.6
5	2
4	1
12	2
11	2.63636363636364
7	1.28571428571429
9	1.55555555555556
4	1.5
6	1.83333333333333
6	1.5
6	1.83333333333333
3	0.666666666666667
5	1.6
5	1
3	1
4	0.75
8	2
5	1.2
3	1
3	0.666666666666667
7	1.42857142857143
3	1
5	1
4	1.25
3	1
6	2
6	1.83333333333333
5	2
4	1.5
3	1
7	2.71428571428571
3	1
5	1.4
4	1.25
10	3.8
5	2
8	1.25
5	1
3	1
4	1.5
9	2.22222222222222
9	1.44444444444444
8	3.125
5	1.6
8	2
4	1.5
3	0.666666666666667
4	1
17	3.17647058823529
6	1.83333333333333
4	1.5
6	2.16666666666667
4	1
7	1.71428571428571
8	1.75
4	1.5
4	1.5
4	1
3	1
7	1.57142857142857
3	1
5	1.6
9	1.77777777777778
8	2.25
3	1
9	2.88888888888889
9	2.22222222222222
3	1
3	1
5	1.4
7	1.85714285714286
8	1.625
3	1
5	1.2
8	1.5
3	1
6	1.83333333333333
6	1.83333333333333
6	1.33333333333333
8	1.875
7	1.71428571428571
9	2.33333333333333
4	1.25
9	1.55555555555556
8	2.5
5	1.8
3	1
6	2.16666666666667
4	1.5
4	1.25
4	1
12	2
7	1.42857142857143
6	1
4	1.25
10	1.7
6	1.5
4	1
7	1.57142857142857
8	2.5
5	1.4
5	1.4
3	0.666666666666667
8	1.25
10	3.9
4	1.5
6	1.16666666666667
4	0.75
5	1.2
3	1
4	1.25
4	1.5
8	1.75
7	2.14285714285714
6	1.16666666666667
4	1.5
6	2.5
8	2.25
8	2.125
9	1.33333333333333
6	1.83333333333333
3	0.666666666666667
6	2
5	1.6
13	2.53846153846154
7	2.85714285714286
6	2
6	1.66666666666667
4	1.5
8	1.5
5	2
3	1
5	1.8
6	1.5
9	2.11111111111111
7	1.57142857142857
7	1.57142857142857
8	1.5
8	1.5
6	1.66666666666667
11	2.18181818181818
3	1
3	0.666666666666667
4	1.25
3	1
9	2.44444444444444
3	1
13	1.92307692307692
4	1
17	2.41176470588235
5	1
12	2.25
3	1
6	1.33333333333333
5	1.2
6	2
8	1.625
7	2.14285714285714
7	1.57142857142857
4	1
8	3
10	2.9
4	1.5
5	1.2
13	2.38461538461538
3	1
5	1.2
5	1.4
10	1.8
4	0.75
6	1.33333333333333
3	1
4	1
4	1.5
3	1
6	1.33333333333333
6	1.5
7	2
10	2.3
5	1.4
5	1.4
5	1.6
7	1.71428571428571
8	1.625
5	1.2
6	1.5
5	1
3	0.666666666666667
9	2.55555555555556
7	1.57142857142857
6	1.66666666666667
5	1.4
6	1.83333333333333
6	1.33333333333333
3	1
9	1.88888888888889
7	2.14285714285714
4	1.5
6	1.83333333333333
4	1
8	1.5
5	1.6
4	1.25
4	1
9	1.66666666666667
4	1
5	1.2
6	2.16666666666667
7	1.42857142857143
5	1.4
9	2.22222222222222
9	1.66666666666667
8	1.625
8	1.625
4	1.5
5	1.4
10	1.8
7	2.14285714285714
11	2.63636363636364
4	1.5
4	1
7	1.85714285714286
5	1
7	2.14285714285714
5	1.6
9	2.11111111111111
4	1.25
9	2.55555555555556
4	1.5
7	2.28571428571429
7	1.14285714285714
3	0.666666666666667
6	1.16666666666667
5	1.4
8	2
8	2.25
8	1.5
7	1.42857142857143
10	2.7
5	1.8
11	1.63636363636364
4	1.25
4	1.5
7	2.28571428571429
7	1.28571428571429
5	1.2
6	1.83333333333333
3	0.666666666666667
3	0.666666666666667
5	1.4
11	2.09090909090909
5	1.4
9	1.88888888888889
4	1.5
3	1
5	1.2
10	2.7
4	1
4	1.5
5	1.4
5	1.8
8	1.875
7	2.28571428571429
3	1
6	1.66666666666667
7	2.57142857142857
4	1
5	2
3	1
4	1.5
9	1.77777777777778
7	1.57142857142857
3	1
5	2
6	2
9	1.77777777777778
4	1
6	2.16666666666667
4	1
4	1.5
9	2.33333333333333
4	1
14	3.07142857142857
3	0.666666666666667
3	1
5	0.8
10	2.1
4	1.5
3	1
9	2
5	1.4
13	2.07692307692308
8	1.625
7	1.71428571428571
5	1.6
8	1.875
10	2.1
8	2.875
4	1.5
14	2.07142857142857
10	2
4	0.75
24	2.20833333333333
5	1.6
5	1.4
7	2.57142857142857
4	1.5
8	1.75
6	2.16666666666667
8	1.875
13	2.30769230769231
4	1.5
8	3.125
14	1.42857142857143
10	1.4
8	2.75
6	2.5
13	2.38461538461538
8	2.75
10	2.2
12	2.33333333333333
8	2.125
5	1.4
8	2.375
7	1.42857142857143
7	2.28571428571429
5	1.8
6	1.16666666666667
7	1.42857142857143
14	2.85714285714286
7	1.71428571428571
6	1.66666666666667
14	3
9	1.66666666666667
7	2.14285714285714
7	1.28571428571429
5	1
11	2
5	2
5	1.4
8	1.5
12	3.16666666666667
11	2.54545454545455
4	0.75
4	1.5
10	3.4
14	2.57142857142857
11	2.63636363636364
24	2.66666666666667
8	2.125
5	1.6
15	2.86666666666667
13	2
7	1.71428571428571
3	1
3	0.666666666666667
4	1.5
11	1.90909090909091
5	1.2
13	2.23076923076923
5	0.8
5	1
5	1.4
4	1.25
4	1.5
13	2.23076923076923
9	2.11111111111111
11	3
11	1.90909090909091
5	1
5	1
10	1.6
5	1
8	2.25
3	0.666666666666667
10	1.2
8	1.25
13	2.46153846153846
6	1.33333333333333
9	2.33333333333333
8	1.875
9	2
6	1
11	1.81818181818182
9	2.22222222222222
7	1.71428571428571
11	2
21	5.19047619047619
8	1.875
5	1
8	1.875
6	2.16666666666667
9	2.55555555555556
4	1
5	1.4
5	1.2
3	0.666666666666667
4	1
12	1.66666666666667
7	1.85714285714286
7	2
5	1
15	2.4
7	1.57142857142857
5	1.6
8	2.375
11	2.54545454545455
10	2.8
8	1.875
6	2
7	2
7	2.14285714285714
5	1.4
12	2.66666666666667
10	2.8
20	2.55
6	1.83333333333333
8	1.75
7	1.28571428571429
8	1.25
7	1.57142857142857
20	3.15
8	1.25
4	1.5
7	1.71428571428571
11	3.09090909090909
6	1.5
7	1.57142857142857
7	1.85714285714286
6	1.5
8	2.375
6	2
9	2
3	0.666666666666667
8	2.25
7	1.14285714285714
5	1
9	2.22222222222222
7	1.85714285714286
11	2.90909090909091
6	2.33333333333333
7	1.28571428571429
5	1.8
5	1.4
7	1.42857142857143
5	1.2
4	1.5
9	1.66666666666667
10	2.3
5	1
9	1.66666666666667
6	1.33333333333333
5	1.4
8	2.375
5	2
7	2
6	2.16666666666667
6	1.33333333333333
4	1
5	1.2
3	0.666666666666667
7	1.42857142857143
4	1.25
3	0.666666666666667
3	0.666666666666667
5	1.6
3	0.666666666666667
4	1
4	1
5	1.4
6	2.16666666666667
9	2.33333333333333
12	2.41666666666667
5	1.2
10	2.1
14	3.5
4	1
5	1.6
8	2.25
16	3.0625
5	0.8
4	1
10	2
9	3.77777777777778
13	2.61538461538462
7	1.28571428571429
11	2.18181818181818
6	2.5
7	1.85714285714286
9	2.55555555555556
7	1.28571428571429
17	3
4	1.25
6	1
9	1.88888888888889
3	1
3	0.666666666666667
5	1
21	3.66666666666667
7	1.42857142857143
9	1.77777777777778
4	1
10	2.1
6	2.16666666666667
9	2
4	1
8	1.875
11	1.63636363636364
7	2.57142857142857
4	1
3	0.666666666666667
3	1
3	0.666666666666667
14	2.78571428571429
17	4.52941176470588
6	2.16666666666667
9	2.22222222222222
7	1.71428571428571
11	1.81818181818182
4	1
3	1
5	2
5	1.8
6	2
7	2.28571428571429
5	1.4
22	2.63636363636364
13	2.46153846153846
4	1
8	1.25
16	1.875
5	1
6	1.33333333333333
11	2.09090909090909
8	1.375
5	1.4
5	1.2
3	0.666666666666667
13	2.46153846153846
5	1.8
7	1.42857142857143
8	1.75
5	1.2
7	1.42857142857143
4	1
5	1.4
8	2
5	2
6	2
5	1.4
9	2.22222222222222
6	1.33333333333333
4	1
4	1
4	1.25
6	1.5
11	2.18181818181818
8	2.125
8	2.625
10	2.4
10	1.9
6	2.16666666666667
6	1.16666666666667
5	1.8
11	2.90909090909091
