"node"	"mean_edge_length"
18	2
10	2.2
17	2.05882352941176
18	2.77777777777778
17	3.17647058823529
18	3.22222222222222
10	1.6
6	1.5
7	2.57142857142857
3	1
25	2.2
9	1.44444444444444
3	1
12	1.75
12	2.16666666666667
25	2.6
13	1.53846153846154
15	2.33333333333333
13	2
15	1.8
39	2.51282051282051
16	2.5625
12	1.83333333333333
4	1
3	1
7	1.42857142857143
24	2.375
10	2.1
12	2.5
9	1.33333333333333
6	1.5
19	1.89473684210526
20	1.9
6	1.83333333333333
6	2.5
4	1.5
8	2.875
14	2.14285714285714
7	1.57142857142857
7	1.28571428571429
11	2
12	1.91666666666667
15	2.46666666666667
17	1.82352941176471
25	2.44
10	1.6
18	2.22222222222222
39	3.12820512820513
10	1.7
42	3.52380952380952
22	2.27272727272727
39	2.58974358974359
22	2.72727272727273
17	1.88235294117647
13	2.53846153846154
20	2.5
8	1.5
14	1.78571428571429
10	1.8
12	2.08333333333333
3	0.666666666666667
5	1.6
4	1
9	1.33333333333333
6	1
14	2.28571428571429
10	2.5
8	1.25
6	1.16666666666667
7	1.71428571428571
3	1
6	1.33333333333333
7	1.71428571428571
30	2.26666666666667
16	1.875
26	2.65384615384615
31	1.90322580645161
21	2.38095238095238
25	2.76
3	1
22	2.81818181818182
36	2.36111111111111
16	2.8125
19	2.68421052631579
9	1.66666666666667
20	2.25
19	2.94736842105263
15	2.53333333333333
6	1.83333333333333
12	1.83333333333333
23	2.78260869565217
15	1.66666666666667
14	1.92857142857143
7	1.71428571428571
8	1.625
18	1.94444444444444
20	1.6
5	1.4
34	2.20588235294118
10	2.1
17	2.05882352941176
7	2.42857142857143
4	1.5
4	1.5
10	1.5
5	1.4
11	2.09090909090909
15	2.33333333333333
14	1.71428571428571
14	2.28571428571429
3	1
10	2.1
8	1.75
4	0.75
5	1.2
6	1.83333333333333
19	2.21052631578947
14	3.35714285714286
20	1.9
24	1.95833333333333
5	1.6
8	1.625
4	1
10	2.1
14	2.07142857142857
11	2.09090909090909
11	2.27272727272727
15	2.66666666666667
17	2.47058823529412
9	2.44444444444444
36	2
26	2.53846153846154
10	1.6
24	3.16666666666667
22	3.40909090909091
16	2
13	1.84615384615385
3	1
36	2.41666666666667
19	2.15789473684211
9	2.44444444444444
29	2.44827586206897
13	1.53846153846154
47	3.87234042553191
25	2.48
11	2.36363636363636
36	2.47222222222222
3	1
20	2.85
12	2.25
26	2.34615384615385
20	2.35
27	2.25925925925926
29	2.79310344827586
29	3.27586206896552
28	2.46428571428571
16	2.3125
7	1.85714285714286
15	2.26666666666667
15	1.86666666666667
20	1.95
19	1.84210526315789
12	1.66666666666667
3	1
18	1.83333333333333
24	4.25
3	0.666666666666667
7	1.57142857142857
25	2.2
8	2.375
23	3.34782608695652
18	2.22222222222222
14	1.85714285714286
64	3.953125
19	2.47368421052632
29	3.58620689655172
11	1.72727272727273
11	1.81818181818182
6	1.5
4	1
10	2.2
12	2
22	2.90909090909091
24	2.95833333333333
27	3.96296296296296
7	1.85714285714286
17	2.11764705882353
16	2.4375
7	1.42857142857143
10	1.8
22	2.27272727272727
39	2.48717948717949
10	1.5
35	3.14285714285714
9	3.11111111111111
35	3.17142857142857
8	2.25
6	1
31	2.87096774193548
25	2.56
8	1.875
9	1.88888888888889
19	2.57894736842105
27	2
10	2.3
18	2.33333333333333
26	2.42307692307692
16	1.6875
9	2.11111111111111
32	2.28125
23	2.8695652173913
27	3.33333333333333
3	1
9	1.44444444444444
38	2.78947368421053
5	1.4
26	2.76923076923077
10	2.1
10	1.8
15	2.4
21	2.42857142857143
36	2.36111111111111
10	2
8	1.5
22	2.86363636363636
18	2
12	2.08333333333333
15	2.26666666666667
11	1.81818181818182
31	3.90322580645161
3	0.666666666666667
15	2.6
3	1
8	1.375
18	2
16	2.125
22	2.45454545454545
23	2.08695652173913
28	2.82142857142857
10	1.9
20	2.25
28	2.42857142857143
4	1.5
32	3.71875
5	2
5	1.2
13	2.15384615384615
18	2.44444444444444
22	1.86363636363636
7	1.28571428571429
25	3.4
8	1.625
14	2.5
18	2.05555555555556
19	2.15789473684211
12	2.66666666666667
8	1.875
12	2.5
44	3.27272727272727
19	2.89473684210526
20	2.6
12	2
9	1.66666666666667
12	1.75
16	2.5
15	1.93333333333333
13	1.53846153846154
23	2.73913043478261
25	2.04
11	1.63636363636364
15	2.4
7	1.42857142857143
6	1
11	1.81818181818182
16	2.25
24	2.375
15	2.33333333333333
11	2.45454545454545
12	2.66666666666667
15	1.73333333333333
15	2.06666666666667
20	2.05
14	1.92857142857143
16	3.0625
9	1.44444444444444
11	2.36363636363636
20	2.35
23	2.52173913043478
9	1.33333333333333
11	2.72727272727273
7	1.71428571428571
27	2.96296296296296
7	1.57142857142857
21	2.71428571428571
22	1.86363636363636
32	2.0625
39	2.94871794871795
25	1.92
36	2.94444444444444
14	2.21428571428571
21	3.52380952380952
20	1.95
7	1.28571428571429
15	1.66666666666667
7	1.71428571428571
25	2.28
12	2.41666666666667
5	1.2
13	2.76923076923077
19	2.68421052631579
17	2.05882352941176
18	1.83333333333333
15	2.6
11	1.81818181818182
19	2.68421052631579
11	2.09090909090909
8	2
14	1.85714285714286
9	1.44444444444444
8	2.375
12	2.75
11	2.72727272727273
8	2
8	2
7	2.85714285714286
10	1.9
9	1.44444444444444
29	3.13793103448276
7	1.57142857142857
3	1
44	3.40909090909091
31	3.12903225806452
41	3.58536585365854
39	2.58974358974359
25	2.48
7	3
3	1
24	2.16666666666667
23	2.21739130434783
9	2.44444444444444
7	2.85714285714286
20	2.55
12	2
16	1.625
9	1.55555555555556
7	2.42857142857143
21	2.80952380952381
6	1.5
15	2.13333333333333
14	1.57142857142857
8	3.25
30	1.93333333333333
26	3.07692307692308
4	1
7	1.14285714285714
11	2.27272727272727
36	3.69444444444444
7	3
10	3.1
13	2.69230769230769
14	1.78571428571429
7	2.42857142857143
9	1.22222222222222
17	2.35294117647059
11	1.90909090909091
3	1
12	2.25
13	2.30769230769231
13	2.46153846153846
24	2.625
27	2.51851851851852
18	2
15	1.93333333333333
23	2.60869565217391
29	2.41379310344828
30	2.2
17	2.17647058823529
24	2
19	2.31578947368421
16	2.5625
18	2.72222222222222
13	1.76923076923077
20	2.8
19	2.57894736842105
7	1.28571428571429
34	2.35294117647059
20	2
35	2.11428571428571
20	2.3
30	3.36666666666667
7	1.28571428571429
9	1.44444444444444
7	1
8	1.625
16	2.4375
19	2.15789473684211
13	2
7	1.85714285714286
16	2
6	1.5
12	2.16666666666667
3	1
12	2
4	1
10	2.1
9	1.55555555555556
13	1.92307692307692
13	1.69230769230769
13	2.61538461538462
21	2.57142857142857
8	1.75
14	4.28571428571429
9	3.22222222222222
12	3.25
10	1.7
7	2.14285714285714
6	1.33333333333333
11	2.36363636363636
7	2.14285714285714
11	2.27272727272727
23	2.04347826086957
21	2.19047619047619
22	1.86363636363636
17	2.05882352941176
24	2.08333333333333
17	1.94117647058824
14	1.42857142857143
18	2.22222222222222
12	2.41666666666667
8	2.875
17	2.47058823529412
38	2.86842105263158
9	1.77777777777778
30	3.3
22	2.40909090909091
4	1
31	2.25806451612903
14	1.42857142857143
27	2.88888888888889
34	2.47058823529412
13	2.07692307692308
8	1.625
5	1
3	1
14	2.57142857142857
28	3.03571428571429
13	1.76923076923077
16	2.75
9	2.11111111111111
11	1.45454545454545
19	1.94736842105263
15	2.73333333333333
18	2.27777777777778
8	2.25
8	1.375
13	2
15	3.93333333333333
8	2.25
17	4.11764705882353
14	2.35714285714286
3	1
29	2.41379310344828
6	1.16666666666667
9	2
21	2.52380952380952
20	3.25
11	2.36363636363636
18	2.05555555555556
16	1.8125
20	2.3
14	1.71428571428571
5	2
19	2.10526315789474
43	3.30232558139535
6	1.5
25	2.48
24	2.20833333333333
12	1.83333333333333
17	2.29411764705882
14	2.14285714285714
5	1
7	1.85714285714286
15	1.6
12	2.25
7	2.14285714285714
15	2.26666666666667
20	2.5
13	2.38461538461538
11	1.63636363636364
20	1.8
46	3.67391304347826
19	1.94736842105263
10	1.9
9	1.88888888888889
11	2
15	1.93333333333333
26	2.26923076923077
41	4.26829268292683
7	1.42857142857143
6	1.16666666666667
10	1.7
7	1.28571428571429
16	2.25
17	2.47058823529412
20	2.5
11	1.90909090909091
12	2.16666666666667
10	1.7
23	2.30434782608696
3	1
8	1.75
8	1.75
9	2.33333333333333
19	2
5	1.4
7	1
16	2.625
23	2.39130434782609
20	3.05
26	2.46153846153846
4	1.5
35	3.11428571428571
10	1.7
21	2.19047619047619
26	2.61538461538462
12	1.66666666666667
28	2.71428571428571
22	2.90909090909091
24	2.41666666666667
20	2.5
10	1.6
17	2.35294117647059
13	1.69230769230769
20	2.45
28	2.82142857142857
27	2.18518518518519
11	2.81818181818182
12	2.33333333333333
28	2.78571428571429
16	1.6875
33	2.33333333333333
8	2
11	1.90909090909091
21	1.95238095238095
9	1.44444444444444
5	1.4
13	3
18	2.27777777777778
3	1
27	2.66666666666667
7	1.42857142857143
20	1.95
5	1
17	1.94117647058824
22	2
31	2.54838709677419
11	2.09090909090909
30	2.76666666666667
20	2.2
9	2.33333333333333
19	2.36842105263158
8	1.75
3	0.666666666666667
32	2.9375
34	3.64705882352941
14	2.5
40	3.375
24	3.375
38	2.34210526315789
18	2.22222222222222
29	1.86206896551724
37	3.13513513513514
22	2.90909090909091
6	2.33333333333333
32	2.75
34	2.82352941176471
17	1.82352941176471
12	1.91666666666667
12	2.41666666666667
8	2.5
28	2.67857142857143
20	2.2
21	2.33333333333333
20	2.55
14	1.85714285714286
22	2.59090909090909
6	1.5
23	2.17391304347826
28	2.32142857142857
23	2.65217391304348
8	1.5
23	3.08695652173913
12	2.75
14	2
26	3.30769230769231
16	2.9375
8	1.75
22	2.27272727272727
4	1
29	2.37931034482759
18	2
9	1.44444444444444
16	2.4375
11	3.36363636363636
11	1.72727272727273
4	1.5
4	1.5
12	1.91666666666667
11	2.18181818181818
14	1.64285714285714
22	2.13636363636364
20	1.9
21	3
19	2.36842105263158
42	4.45238095238095
4	0.75
8	1.375
9	2
35	2.88571428571429
19	1.78947368421053
7	1.14285714285714
14	1.78571428571429
13	1.53846153846154
12	1.66666666666667
17	1.41176470588235
7	1.57142857142857
22	2.13636363636364
21	2.61904761904762
11	2.45454545454545
21	1.80952380952381
25	2.8
27	3.14814814814815
13	1.92307692307692
3	1
32	2.28125
14	1.85714285714286
16	1.875
30	2.83333333333333
14	2.71428571428571
15	1.8
32	3.15625
17	2.47058823529412
19	2.36842105263158
39	3.41025641025641
19	1.94736842105263
36	2.22222222222222
11	1.81818181818182
7	1.71428571428571
11	1.63636363636364
10	1.9
19	2.21052631578947
16	2.6875
42	3.5952380952381
5	1
9	1.44444444444444
16	2.0625
5	1.8
15	2.46666666666667
15	2.53333333333333
15	2.06666666666667
6	1.16666666666667
7	1.42857142857143
7	1.71428571428571
29	2.58620689655172
9	1.66666666666667
6	2
14	2
21	1.9047619047619
34	2.73529411764706
22	2.45454545454545
6	1.5
18	3.5
12	1.75
10	1.4
5	2
20	2.5
13	1.84615384615385
15	1.53333333333333
22	3.09090909090909
26	2.73076923076923
22	2.13636363636364
7	1.28571428571429
13	1.46153846153846
5	1.4
14	2.21428571428571
12	1.91666666666667
9	1.66666666666667
9	1.66666666666667
15	2.2
9	1.77777777777778
11	1.72727272727273
5	2
9	1.55555555555556
17	1.94117647058824
13	2.15384615384615
15	2.13333333333333
28	3.42857142857143
14	2.35714285714286
17	2.05882352941176
18	1.88888888888889
17	1.64705882352941
23	2.26086956521739
7	1.71428571428571
9	1.33333333333333
10	2.5
51	2.86274509803922
14	2.28571428571429
21	2.38095238095238
12	2
5	1.2
12	1.83333333333333
8	1.375
22	2.36363636363636
31	3.03225806451613
16	1.8125
14	2.42857142857143
10	1.3
15	2.26666666666667
4	1
21	3
11	1.45454545454545
14	2
17	2.05882352941176
9	1.44444444444444
14	2.92857142857143
7	2.28571428571429
10	1.9
6	1.5
6	1.5
7	1.42857142857143
5	1.4
4	1.5
20	2.15
25	2.28
14	3.21428571428571
28	2.53571428571429
31	2
18	2.16666666666667
22	2.36363636363636
13	2.46153846153846
22	3.18181818181818
11	1.81818181818182
23	2.30434782608696
3	0.666666666666667
9	1.22222222222222
13	1.61538461538462
6	1.33333333333333
4	1
14	1.71428571428571
22	2.22727272727273
10	1.2
21	1.85714285714286
12	2.33333333333333
7	1.71428571428571
7	1.42857142857143
16	1.875
27	2.74074074074074
31	2.70967741935484
19	2.15789473684211
16	2.1875
14	2
15	2.06666666666667
31	2.19354838709677
8	1.5
20	3.8
9	1.66666666666667
6	1.16666666666667
6	1.33333333333333
11	1.54545454545455
18	2.16666666666667
13	2.61538461538462
9	1.77777777777778
9	1.22222222222222
5	1.4
18	2.33333333333333
19	2.21052631578947
3	1
10	2.4
16	2.3125
15	2.4
25	2.16
20	2.8
25	2.16
3	0.666666666666667
22	2.45454545454545
18	2.16666666666667
16	2.0625
6	1.16666666666667
8	1.25
12	1.91666666666667
21	2.04761904761905
13	1.76923076923077
33	3.15151515151515
6	1.16666666666667
12	1.91666666666667
14	2.35714285714286
17	2.11764705882353
8	1.75
37	3.2972972972973
11	1.72727272727273
16	2.5
8	1.25
20	2.45
9	1.22222222222222
3	0.666666666666667
7	1.42857142857143
8	1.375
11	1.81818181818182
10	2
7	2.14285714285714
13	1.61538461538462
20	2.45
4	0.75
3	0.666666666666667
5	1.4
4	1.5
16	2.75
8	1.375
3	0.666666666666667
7	1.57142857142857
10	1.6
13	2.76923076923077
44	3.47727272727273
7	2.71428571428571
23	3.1304347826087
16	2.75
37	3.54054054054054
30	2.5
14	1.85714285714286
5	1
8	1.5
9	1.44444444444444
5	1.6
26	2.42307692307692
15	3.06666666666667
12	1.66666666666667
7	1.42857142857143
11	1.63636363636364
5	0.8
13	3.53846153846154
15	1.86666666666667
17	1.76470588235294
23	2.43478260869565
24	2.66666666666667
22	3
28	3.89285714285714
31	2.48387096774194
13	2.15384615384615
15	1.66666666666667
29	2.89655172413793
40	2.925
22	1.95454545454545
21	1.9047619047619
24	2.16666666666667
16	2.6875
18	2.83333333333333
13	2.15384615384615
9	1.77777777777778
5	1.2
28	3.32142857142857
4	1.5
18	1.77777777777778
12	2
44	2.84090909090909
10	2.3
14	2
5	1
10	1.6
9	1.66666666666667
3	1
14	2.35714285714286
21	2.76190476190476
16	1.9375
16	1.875
8	1.875
15	1.86666666666667
19	2.15789473684211
3	1
31	2.74193548387097
15	2.53333333333333
3	0.666666666666667
13	2.07692307692308
31	3.29032258064516
4	1.5
8	1.5
18	2.66666666666667
4	1
4	1.5
4	1.5
3	0.666666666666667
3	0.666666666666667
4	0.75
5	1
5	1.6
4	1
9	2.66666666666667
23	2.30434782608696
32	3.40625
16	2.375
7	1.42857142857143
21	2.04761904761905
7	2
8	1.75
13	2.46153846153846
19	2.68421052631579
26	2.30769230769231
4	1
7	1.57142857142857
3	1
21	2.71428571428571
19	2.42105263157895
32	3.78125
10	1.6
50	3.72
20	1.95
10	1.9
20	3
10	2.5
19	3.47368421052632
10	1.7
18	2.88888888888889
8	1.75
11	1.90909090909091
16	2.3125
7	1.71428571428571
11	1.63636363636364
4	1
12	2.75
5	1
5	2
12	1.83333333333333
9	1.88888888888889
8	1.375
12	1.58333333333333
10	2
12	2.33333333333333
11	1.72727272727273
8	1.25
15	1.6
6	1.5
10	1.7
14	2.14285714285714
6	1.5
9	1.66666666666667
8	1.375
6	1.83333333333333
27	2.77777777777778
6	1.83333333333333
18	1.94444444444444
21	2.14285714285714
10	1.8
20	2.55
10	1.8
13	1.92307692307692
15	1.6
23	2.56521739130435
4	1
19	2.31578947368421
11	2
12	1.75
11	1.81818181818182
8	1.375
13	2
11	1.54545454545455
12	2.08333333333333
15	2.13333333333333
17	2.35294117647059
16	2.375
6	1.16666666666667
23	2.1304347826087
30	2.5
7	1.57142857142857
22	2.31818181818182
25	3.12
15	1.86666666666667
3	0.666666666666667
4	1
27	1.88888888888889
21	2.85714285714286
25	4.08
25	2.08
28	2.46428571428571
23	1.95652173913043
12	1.83333333333333
19	3.21052631578947
9	1.44444444444444
7	2.42857142857143
20	2.2
11	2.18181818181818
8	1.75
10	1.3
23	2.1304347826087
5	1.2
23	2.43478260869565
7	2.14285714285714
19	2.26315789473684
6	1.16666666666667
18	2.16666666666667
17	1.52941176470588
21	2.57142857142857
7	1.42857142857143
11	1.90909090909091
11	1.45454545454545
9	2
6	1.33333333333333
4	1
23	2.34782608695652
11	2.18181818181818
12	1.5
24	3.20833333333333
22	3.09090909090909
20	3.3
6	1.16666666666667
8	1.5
7	1.57142857142857
9	1.77777777777778
21	2.66666666666667
23	2.39130434782609
16	1.8125
8	1.375
11	1.54545454545455
3	1
15	2.13333333333333
18	2
3	1
4	1.5
7	1.42857142857143
21	2.9047619047619
11	1.81818181818182
24	2.91666666666667
18	2.5
3	1
9	2.33333333333333
21	2.85714285714286
7	1.85714285714286
11	2.63636363636364
13	2.76923076923077
25	3.72
11	2.54545454545455
21	1.76190476190476
35	4.57142857142857
3	0.666666666666667
13	1.84615384615385
8	2
8	1.625
13	1.76923076923077
11	2
8	2.375
6	1.5
11	2
5	1
17	2.29411764705882
10	1.4
17	2.11764705882353
6	1.5
8	2
6	2
15	2.33333333333333
10	1.6
13	1.76923076923077
14	2.14285714285714
16	3
15	2.2
12	1.75
20	2.8
10	2.3
5	1.2
10	2.4
28	2.71428571428571
6	1.16666666666667
11	2
13	2.30769230769231
23	2.17391304347826
7	1.14285714285714
13	2.76923076923077
4	1
3	0.666666666666667
14	2.35714285714286
31	3.61290322580645
3	0.666666666666667
3	0.666666666666667
15	1.73333333333333
5	1.4
11	2.09090909090909
25	1.92
16	2.1875
11	1.81818181818182
14	2.57142857142857
11	1.63636363636364
4	1
3	1
13	2.38461538461538
26	3.80769230769231
20	1.95
7	1.14285714285714
7	1.71428571428571
8	1.875
4	1
4	1.5
4	1.5
9	2.33333333333333
5	2
5	1.4
15	2.86666666666667
5	1.4
8	1.625
8	2.25
9	1.66666666666667
5	1.2
10	1.5
9	1.55555555555556
17	3
8	2
20	3.95
20	2
3	0.666666666666667
13	2.61538461538462
4	1.25
5	2
19	2.05263157894737
19	2.94736842105263
7	1.85714285714286
9	1.66666666666667
11	2.63636363636364
10	1.6
11	2.09090909090909
8	2
6	2.33333333333333
5	1
15	2.13333333333333
6	1.16666666666667
3	0.666666666666667
8	1.5
8	1.625
4	1
10	1.4
4	1.5
8	2
4	1
7	1.71428571428571
3	1
4	1.5
4	1
5	1
7	1.57142857142857
6	1.16666666666667
8	2.25
5	1.2
26	3.15384615384615
24	2.5
30	2.66666666666667
4	1
4	1
37	2.45945945945946
7	2.28571428571429
7	2.57142857142857
13	2.15384615384615
8	1.25
10	1.8
5	1.2
6	1.33333333333333
8	1.375
10	1.8
10	3.2
10	2.4
14	2
14	2.07142857142857
14	3.57142857142857
20	3.35
21	3
17	2.94117647058824
25	4.52
12	1.83333333333333
6	2.5
7	1.42857142857143
5	1.4
6	1.33333333333333
9	1.66666666666667
9	1.22222222222222
5	1.2
7	1.42857142857143
5	1.2
9	1.33333333333333
14	1.71428571428571
13	2.46153846153846
14	2.28571428571429
31	4
7	1.71428571428571
12	2.16666666666667
8	1.75
3	1
8	1.625
16	1.8125
13	2.30769230769231
7	1.14285714285714
10	3.1
14	1.85714285714286
11	1.54545454545455
9	1.55555555555556
13	2.61538461538462
11	1.90909090909091
4	1
9	1.88888888888889
13	2.84615384615385
7	1.42857142857143
7	1.28571428571429
16	1.9375
16	2.3125
5	1.4
12	2.25
24	2.875
21	1.85714285714286
16	3.125
30	2.46666666666667
7	1
5	1.8
5	2
17	2.17647058823529
12	2.75
33	4.3030303030303
14	1.57142857142857
12	2.16666666666667
4	1
31	2.45161290322581
10	1.3
9	2.55555555555556
10	2.1
25	2.84
5	1
6	1.16666666666667
23	2.30434782608696
18	2.22222222222222
13	3.53846153846154
12	2.08333333333333
10	1.7
6	1.66666666666667
14	2
12	2.16666666666667
7	1.28571428571429
6	1.5
5	2
5	2
4	1.5
15	2.4
17	2.47058823529412
16	1.6875
9	1.55555555555556
8	1.75
12	1.83333333333333
17	2
8	1.75
20	2
49	2.85714285714286
13	2.15384615384615
34	2.55882352941176
33	2.57575757575758
13	2.07692307692308
11	2.18181818181818
10	1.5
10	1.6
6	1
5	1.2
9	1.66666666666667
7	1.42857142857143
5	2
4	0.75
5	1
12	1.83333333333333
5	1
14	1.71428571428571
13	2.76923076923077
18	2.27777777777778
4	1
6	1.5
13	1.61538461538462
10	1.9
17	1.88235294117647
7	1.42857142857143
10	1.8
6	1.33333333333333
23	2.73913043478261
14	1.64285714285714
25	2.36
10	2.3
5	1.2
12	1.66666666666667
7	1.14285714285714
6	1.33333333333333
10	1.6
13	1.69230769230769
11	3.18181818181818
9	1.77777777777778
8	2
8	1.75
6	1.83333333333333
10	1.6
36	3.75
9	2.22222222222222
13	2.30769230769231
7	1.42857142857143
5	2
5	1.2
7	1.42857142857143
7	1.71428571428571
3	0.666666666666667
4	1
3	0.666666666666667
7	1.71428571428571
8	1.25
15	2.13333333333333
3	1
14	1.78571428571429
19	2.57894736842105
3	1
4	1.5
14	2
8	1.25
10	2.1
15	2.53333333333333
13	2.38461538461538
17	2.17647058823529
9	1.77777777777778
22	2.27272727272727
25	2.92
17	3
8	1.5
15	1.73333333333333
26	3.07692307692308
7	1.85714285714286
11	2.36363636363636
8	1.875
14	1.92857142857143
5	1
16	2.0625
7	1.28571428571429
6	2.5
9	1.44444444444444
17	2.94117647058824
14	2.85714285714286
29	2.6551724137931
19	2.47368421052632
3	1
6	1.83333333333333
22	2.86363636363636
15	1.66666666666667
13	2.23076923076923
50	2.74
9	1.77777777777778
18	2.22222222222222
37	3.43243243243243
40	3.75
8	1.5
19	3
41	3.34146341463415
17	2
11	3.18181818181818
24	3.5
8	2.75
24	2.125
16	1.8125
6	1.66666666666667
17	2.70588235294118
12	2
8	1.25
6	2.16666666666667
18	1.61111111111111
7	1.42857142857143
5	1
31	4.80645161290323
19	1.84210526315789
21	2.04761904761905
16	2.25
21	2.38095238095238
14	1.92857142857143
5	1
31	3.32258064516129
13	1.69230769230769
13	1.76923076923077
5	1.2
28	2.28571428571429
20	1.7
25	2.84
27	2.81481481481481
24	2.125
26	2.34615384615385
10	1.8
25	2.04
23	2.56521739130435
17	2.64705882352941
12	1.58333333333333
8	1.625
19	2.05263157894737
27	2.55555555555556
19	1.94736842105263
3	1
7	1.42857142857143
14	2
11	1.63636363636364
10	1.8
9	1.88888888888889
19	3.15789473684211
10	1.7
11	2
11	2.36363636363636
4	1
9	2.11111111111111
6	1.66666666666667
17	2.17647058823529
14	2.42857142857143
9	1.55555555555556
8	1.125
3	1
10	2
17	2
11	2
5	1
4	1
5	1
8	1.75
9	2
12	2
10	1.4
15	2.6
12	2.08333333333333
15	1.73333333333333
4	0.75
13	2.46153846153846
4	1
6	1
6	1.16666666666667
9	1.66666666666667
10	2.1
8	1.5
7	1.42857142857143
8	3.125
4	1
5	1.2
7	1.85714285714286
10	1.3
15	1.6
8	1.75
8	1.75
8	1.75
4	1
10	1.9
9	2.44444444444444
10	1.2
10	1.9
10	1.7
16	2
5	2
22	2.5
32	2.4375
8	1.75
3	0.666666666666667
13	2.07692307692308
10	1.3
27	3.25925925925926
24	2.375
20	3.3
8	1.875
20	2.1
23	2.52173913043478
15	2.53333333333333
5	1.2
16	2.1875
23	3.34782608695652
18	2.38888888888889
17	2.11764705882353
11	2
36	3.05555555555556
10	2.1
10	2
35	2.97142857142857
14	1.85714285714286
8	1.75
28	2.71428571428571
13	1.84615384615385
13	1.69230769230769
7	2
11	2.45454545454545
17	3.05882352941176
26	4
17	2.41176470588235
16	2.5
10	1.6
14	1.85714285714286
17	1.76470588235294
4	1
18	2.94444444444444
5	2
6	2.16666666666667
3	1
5	1.2
8	1.75
6	1.33333333333333
14	1.71428571428571
44	2.63636363636364
15	2.53333333333333
10	1.8
11	1.81818181818182
16	2.1875
7	1
34	3.02941176470588
11	1.90909090909091
8	1.75
18	1.72222222222222
19	3.10526315789474
22	2.13636363636364
15	2.53333333333333
17	2.11764705882353
6	1.5
8	2
36	2.86111111111111
9	1.33333333333333
20	1.95
13	1.92307692307692
5	1.4
20	2
9	1.66666666666667
14	2
7	1.57142857142857
7	1.42857142857143
7	1.28571428571429
7	2.57142857142857
3	0.666666666666667
8	1.5
22	2.63636363636364
18	2.5
6	1.16666666666667
27	2
13	3.38461538461538
12	2.08333333333333
20	2.15
19	2.73684210526316
33	2.6969696969697
28	3.21428571428571
19	2.52631578947368
6	1.5
7	1.42857142857143
11	2.18181818181818
9	2
16	2.0625
11	1.63636363636364
15	2.66666666666667
7	3
13	2.30769230769231
21	3.71428571428571
38	2.21052631578947
19	2.36842105263158
10	2.3
4	1
5	1
3	1
62	3.2741935483871
13	1.76923076923077
11	1.63636363636364
9	1.77777777777778
14	1.92857142857143
15	1.6
10	2.6
3	1
10	1.6
7	1.85714285714286
11	1.54545454545455
11	1.63636363636364
18	1.83333333333333
6	1
11	1.36363636363636
13	2.53846153846154
16	1.6875
26	1.80769230769231
12	1.75
9	2.22222222222222
23	2
5	1.8
4	1.25
22	2.22727272727273
30	2.2
7	2.14285714285714
25	2.68
7	1.42857142857143
10	2.1
6	1.5
5	1
6	1.5
9	3.22222222222222
6	1.16666666666667
9	1.88888888888889
7	1.71428571428571
4	1
9	2.22222222222222
11	1.63636363636364
3	1
6	1.16666666666667
11	1.45454545454545
4	1
4	1
11	1.72727272727273
7	1
8	1.375
6	1.16666666666667
4	1
5	2
3	1
7	2.42857142857143
7	2.28571428571429
6	1.16666666666667
7	1.42857142857143
5	1
9	1.77777777777778
4	1
15	2.6
10	2.3
4	1
6	1.5
9	1.66666666666667
7	1.42857142857143
8	2.125
10	1.9
10	1.9
8	1.375
8	1.875
7	1.42857142857143
6	1.5
6	1.5
10	1.6
22	2.18181818181818
28	3.25
13	1.92307692307692
14	2.07142857142857
21	2.14285714285714
12	2.16666666666667
7	1.85714285714286
57	4.47368421052632
24	2.375
17	2.76470588235294
46	5.10869565217391
16	3
9	1.88888888888889
19	2.26315789473684
11	2
31	2.35483870967742
16	1.625
9	1.66666666666667
12	1.41666666666667
23	1.73913043478261
7	1.42857142857143
14	1.85714285714286
18	2.83333333333333
13	2.23076923076923
15	3.46666666666667
10	1.9
11	2.18181818181818
22	2.18181818181818
20	1.8
18	2.27777777777778
8	1.375
8	1.375
29	3.41379310344828
19	3.47368421052632
4	1
32	3
9	2.33333333333333
12	2.08333333333333
4	1
11	1.54545454545455
19	2.42105263157895
23	2.43478260869565
3	0.666666666666667
7	1.71428571428571
4	1.25
4	1
25	2.2
19	2.63157894736842
24	4.70833333333333
3	1
9	1.44444444444444
46	2.60869565217391
47	3.65957446808511
41	3.31707317073171
4	1.25
9	1.77777777777778
16	2
13	2.30769230769231
18	1.94444444444444
7	1.42857142857143
8	1.75
13	1.69230769230769
18	2.44444444444444
19	1.89473684210526
15	1.73333333333333
8	2
13	1.84615384615385
23	2.69565217391304
10	1.5
15	1.66666666666667
19	2
18	2.38888888888889
6	1.33333333333333
27	3.44444444444444
21	2
27	2.37037037037037
26	2.65384615384615
22	2.63636363636364
12	2.33333333333333
16	1.6875
64	2.828125
7	1.57142857142857
17	1.88235294117647
17	1.82352941176471
16	2.1875
22	4.04545454545455
11	2.54545454545455
6	1.16666666666667
22	2.36363636363636
14	2.28571428571429
18	1.88888888888889
22	2.18181818181818
29	2.68965517241379
15	1.53333333333333
32	3
33	2.72727272727273
23	2.08695652173913
37	2.02702702702703
4	1
10	1.5
15	2.6
27	2.59259259259259
4	1.25
36	2.58333333333333
11	1.90909090909091
15	1.86666666666667
45	3.22222222222222
33	2.72727272727273
17	1.94117647058824
48	3.08333333333333
36	2.86111111111111
11	1.45454545454545
5	1
23	2.1304347826087
31	3.19354838709677
26	2.11538461538462
30	3.53333333333333
19	2.47368421052632
11	1.72727272727273
27	2.25925925925926
32	2.71875
13	3.30769230769231
14	3
33	2.6969696969697
22	2.77272727272727
4	1.5
23	2.30434782608696
3	1
13	2.38461538461538
45	3.28888888888889
5	1
23	2.21739130434783
13	1.92307692307692
24	2.25
13	2.30769230769231
10	1.4
3	1
12	1.75
13	2.76923076923077
18	2.16666666666667
4	1
8	1.75
12	2.25
7	1.85714285714286
19	2.57894736842105
14	2.14285714285714
7	1.42857142857143
15	2.86666666666667
3	0.666666666666667
21	3.28571428571429
16	2.125
20	2.5
20	2.45
7	3
14	2.71428571428571
25	3
7	1.85714285714286
14	1.71428571428571
17	2.94117647058824
10	2.2
11	1.63636363636364
6	1.16666666666667
6	2.5
24	2.95833333333333
12	1.66666666666667
9	1.66666666666667
14	1.64285714285714
11	1.90909090909091
15	1.8
10	1.5
9	1.77777777777778
18	3.61111111111111
16	2.6875
4	1.5
4	1.25
27	2.25925925925926
17	2.35294117647059
8	1.625
4	1.5
5	1.8
22	2.31818181818182
14	1.92857142857143
11	2
16	2.1875
4	1
28	2.5
13	1.92307692307692
31	2.29032258064516
30	2.5
25	2.96
10	1.7
15	3.8
4	1
19	3.10526315789474
29	2.93103448275862
9	1.66666666666667
6	1.16666666666667
14	1.92857142857143
20	2.55
13	1.84615384615385
6	1.5
13	1.92307692307692
5	1
5	2
3	1
9	2
26	2.19230769230769
12	1.58333333333333
38	2.78947368421053
11	1.90909090909091
24	3.08333333333333
17	1.82352941176471
21	2.04761904761905
10	1.8
13	1.76923076923077
18	2.22222222222222
24	3.16666666666667
7	2.14285714285714
35	3.48571428571429
12	1.83333333333333
9	1.22222222222222
21	2.66666666666667
16	2.5
9	1.44444444444444
19	2.10526315789474
14	1.64285714285714
18	2.11111111111111
11	2.27272727272727
30	2.73333333333333
12	2.16666666666667
16	2.5
9	1.55555555555556
5	2
14	1.85714285714286
8	2
3	1
10	2.5
30	2.83333333333333
27	2.40740740740741
7	2.14285714285714
7	1.85714285714286
18	1.88888888888889
10	1.3
8	1.5
10	2.5
19	2.10526315789474
14	1.57142857142857
11	1.18181818181818
3	0.666666666666667
20	3.05
17	2
9	1.77777777777778
13	2.23076923076923
5	1.2
17	1.88235294117647
6	1.16666666666667
7	1.57142857142857
12	2.33333333333333
16	2.3125
14	2.64285714285714
8	1.5
3	1
15	4.8
23	2.73913043478261
8	1.75
22	2.59090909090909
17	2.82352941176471
24	2.16666666666667
3	1
11	2
12	1.91666666666667
10	2.2
4	1
34	2.52941176470588
4	1.5
4	1.25
4	1
19	3.21052631578947
10	2.1
13	1.53846153846154
10	2.4
15	5
5	1.6
3	0.666666666666667
29	2.58620689655172
19	3.15789473684211
11	1.63636363636364
18	2.05555555555556
7	1.85714285714286
4	1.25
9	2.22222222222222
4	1.5
4	1.25
21	2.23809523809524
8	2
11	1.63636363636364
4	1.5
5	1.8
4	1.5
5	1.8
27	2.66666666666667
6	1
27	2.85185185185185
13	1.61538461538462
20	2.35
8	1.25
5	1
18	1.88888888888889
29	2.93103448275862
14	3.21428571428571
12	1.58333333333333
10	1.9
16	2.875
15	1.2
14	3.35714285714286
17	2.05882352941176
23	2.52173913043478
4	1.5
10	1.7
4	1.5
15	2.86666666666667
4	1
15	2
41	2.97560975609756
24	2.54166666666667
13	1.92307692307692
10	2.7
9	1.77777777777778
15	2.66666666666667
15	2.06666666666667
21	2.33333333333333
6	1.5
14	2.14285714285714
14	1.64285714285714
18	2.61111111111111
14	1.92857142857143
11	2.18181818181818
15	2.13333333333333
24	2.45833333333333
7	1.42857142857143
12	1.91666666666667
11	1.63636363636364
8	1.875
18	2.22222222222222
42	2.97619047619048
42	2.61904761904762
6	1.83333333333333
11	2
25	2.2
25	3.2
14	2.28571428571429
21	6
3	1
4	0.75
8	1.75
7	1.42857142857143
4	1.5
15	1.46666666666667
7	1.85714285714286
3	1
4	0.75
13	2.30769230769231
15	1.46666666666667
9	2
6	1.83333333333333
11	1.45454545454545
27	3.66666666666667
17	2.11764705882353
17	2.11764705882353
19	2.94736842105263
16	1.875
15	2
14	1.78571428571429
24	2.20833333333333
10	1.6
9	1.77777777777778
19	3.36842105263158
12	2.16666666666667
22	2.27272727272727
10	2
25	2.52
11	1.81818181818182
24	2.125
13	2.53846153846154
13	1.61538461538462
13	2.23076923076923
11	1.72727272727273
14	2.42857142857143
13	2.07692307692308
4	1
15	1.73333333333333
17	1.58823529411765
7	2.42857142857143
8	1.625
5	1
23	2.52173913043478
4	0.75
16	2.625
23	2.43478260869565
5	1.4
7	1.14285714285714
15	1.73333333333333
16	1.75
14	1.78571428571429
7	1.28571428571429
5	1.2
15	1.93333333333333
26	2.34615384615385
5	1.6
20	2.05
8	1.625
17	2.35294117647059
9	2.11111111111111
19	2.52631578947368
21	2.66666666666667
10	1.5
6	2
12	1.91666666666667
10	1.9
7	1.85714285714286
10	2.8
13	2.46153846153846
20	2.05
6	1.16666666666667
12	1.75
4	1
15	2.33333333333333
6	2.16666666666667
17	2
7	1.42857142857143
7	1.71428571428571
12	2.33333333333333
10	1.5
4	1
5	1.4
5	1.2
11	1.54545454545455
7	2.14285714285714
9	2.55555555555556
11	1.54545454545455
8	1.875
11	2.27272727272727
4	1.5
17	1.76470588235294
17	2.17647058823529
15	3
13	2
3	1
20	3
5	1.4
11	2.81818181818182
16	2.125
24	2.33333333333333
13	2.76923076923077
42	2.14285714285714
18	2
18	2.61111111111111
38	5.73684210526316
17	2.11764705882353
11	1.63636363636364
22	2
20	3.45
16	2.3125
28	4.96428571428571
29	2.55172413793103
23	2.8695652173913
30	2.86666666666667
31	3.03225806451613
18	3.38888888888889
14	2
20	2.4
28	2.57142857142857
19	2.21052631578947
21	2.66666666666667
11	2
9	2.11111111111111
18	2.05555555555556
32	2.75
15	1.66666666666667
20	2.7
12	2.41666666666667
17	1.94117647058824
8	1.5
22	3.31818181818182
20	2.2
26	2.03846153846154
15	2.6
12	2.16666666666667
27	2.11111111111111
26	2.30769230769231
36	3.13888888888889
14	2.71428571428571
10	2.4
26	3.19230769230769
31	2.41935483870968
6	1.16666666666667
23	2.30434782608696
29	1.82758620689655
13	1.92307692307692
9	2.33333333333333
4	1.5
25	3
17	1.82352941176471
8	2.5
11	1.63636363636364
14	1.78571428571429
18	1.88888888888889
10	1.9
25	2.88
17	1.76470588235294
18	2.61111111111111
11	1.63636363636364
3	1
24	2.375
17	2.76470588235294
20	2.5
9	1.88888888888889
16	2.375
7	3
16	2.75
21	2.57142857142857
15	1.8
7	2.42857142857143
16	2.5
21	2.76190476190476
15	2.73333333333333
20	2.45
18	1.83333333333333
29	2.41379310344828
12	2.33333333333333
18	2.27777777777778
15	2.33333333333333
13	2.46153846153846
18	2.27777777777778
3	1
16	2.5
11	1.81818181818182
17	4.29411764705882
15	2.26666666666667
29	4.10344827586207
17	2.94117647058824
32	3.15625
18	2.38888888888889
33	2.72727272727273
61	3.31147540983607
14	2
28	1.85714285714286
6	1.5
45	4.02222222222222
30	2.5
78	3.44871794871795
13	2.23076923076923
15	1.8
53	2.90566037735849
66	2.78787878787879
3	1
9	1.66666666666667
6	1.5
24	2.83333333333333
20	2.5
4	1
5	1.4
12	2.58333333333333
14	3.07142857142857
12	2.41666666666667
22	2.68181818181818
19	3.94736842105263
3	1
14	1.64285714285714
30	3.7
6	1
3	1
20	2.75
32	2.375
19	2.21052631578947
18	2.83333333333333
6	1.5
5	1.8
16	1.75
29	3.89655172413793
15	2.06666666666667
26	2.76923076923077
23	2
23	2.08695652173913
3	0.666666666666667
4	1.5
3	1
10	1.6
26	3.07692307692308
3	0.666666666666667
6	1.83333333333333
3	1
8	2
21	2.0952380952381
8	1.5
24	2.20833333333333
8	2.25
42	3.0952380952381
6	1.5
16	2.5
6	1.16666666666667
11	1.63636363636364
15	1.8
18	2.66666666666667
13	1.69230769230769
10	2.5
15	1.46666666666667
9	1.88888888888889
12	2.16666666666667
11	2.18181818181818
17	2.70588235294118
22	2.04545454545455
14	2.21428571428571
16	2.0625
7	1.85714285714286
14	2.14285714285714
11	2.18181818181818
15	2.33333333333333
4	1
5	1
20	2.15
3	1
24	2.91666666666667
9	2.66666666666667
7	1.71428571428571
12	1.91666666666667
27	2.85185185185185
11	2.27272727272727
15	2.6
17	2.11764705882353
5	1.2
31	2.61290322580645
9	1.66666666666667
4	1
20	2.5
6	1.33333333333333
8	1.125
21	3.04761904761905
9	1.88888888888889
5	1.2
13	2
7	1.42857142857143
14	2.78571428571429
10	1.6
13	2.69230769230769
14	1.85714285714286
20	2.5
10	1.5
11	1.72727272727273
17	2.05882352941176
3	1
7	1.42857142857143
3	1
8	1.375
22	2.54545454545455
9	2.11111111111111
22	2.13636363636364
22	2.86363636363636
11	2
15	2.66666666666667
11	1.63636363636364
14	2.21428571428571
17	3
16	2.625
16	2.25
9	1.77777777777778
9	1.33333333333333
5	1.4
19	3.31578947368421
37	4.64864864864865
28	2.10714285714286
4	1
32	3.15625
44	4.40909090909091
19	2.47368421052632
5	1.2
15	2.06666666666667
8	2.875
57	4.59649122807018
32	3.15625
21	1.76190476190476
32	3.3125
16	2.3125
14	2.35714285714286
7	1.28571428571429
14	2.92857142857143
25	3.04
9	1.44444444444444
7	1.57142857142857
7	1.42857142857143
11	1.72727272727273
37	2.43243243243243
6	1.33333333333333
4	1.5
5	1.4
5	1.6
3	0.666666666666667
4	1
4	1.5
4	1
5	1.2
10	2.2
8	2
18	2
10	2.5
11	2.45454545454545
8	2
9	1.77777777777778
7	1.42857142857143
10	1.6
6	1.5
3	1
3	1
7	1.71428571428571
6	1.5
5	2
10	2.1
5	1.2
12	2.58333333333333
8	1.375
8	1.75
14	2.21428571428571
5	1.4
9	1.88888888888889
22	4.27272727272727
15	2.46666666666667
31	2.87096774193548
3	1
17	2.88235294117647
10	2
20	2.05
11	2.09090909090909
6	1.16666666666667
13	2.84615384615385
11	2.18181818181818
10	2.1
10	1.4
15	2.46666666666667
11	1.81818181818182
28	2.75
6	1.16666666666667
26	2.42307692307692
14	2.07142857142857
25	2.64
12	2.33333333333333
25	2.24
24	2.41666666666667
9	2.66666666666667
15	3.6
3	0.666666666666667
23	2.04347826086957
27	2.7037037037037
28	2.32142857142857
27	2.22222222222222
25	2.32
41	3.53658536585366
32	3.03125
9	1.55555555555556
15	2.73333333333333
20	4.15
13	1.69230769230769
32	2.875
27	2.66666666666667
16	1.75
25	2.28
32	2.625
26	2.57692307692308
11	1.54545454545455
21	2.9047619047619
19	3.21052631578947
45	2.62222222222222
13	2.46153846153846
15	2
17	1.88235294117647
34	3.79411764705882
28	3.32142857142857
18	2.77777777777778
22	3
20	1.95
4	1
12	2.16666666666667
15	2.13333333333333
10	2.2
10	2
19	2.31578947368421
10	2.5
32	2.71875
20	2.1
23	2.26086956521739
27	3.03703703703704
26	2.80769230769231
31	2.70967741935484
15	1.66666666666667
5	1.4
22	3.31818181818182
14	2.21428571428571
10	2.3
21	2.14285714285714
7	2.28571428571429
12	1.83333333333333
18	2.38888888888889
13	2
12	2.33333333333333
18	2.33333333333333
28	2.5
34	2.91176470588235
13	1.76923076923077
11	1.90909090909091
18	3.05555555555556
24	2.33333333333333
21	2.38095238095238
30	2.33333333333333
22	2.40909090909091
21	2.28571428571429
32	2.78125
40	2.325
23	3
46	2.32608695652174
25	2
15	3.6
41	3.19512195121951
24	1.91666666666667
4	0.75
25	2.64
19	2.21052631578947
13	2.84615384615385
35	3.02857142857143
15	2
16	2.3125
19	3.21052631578947
25	2.48
38	2.39473684210526
10	2.3
51	2.84313725490196
15	2.33333333333333
37	2.81081081081081
32	2.71875
11	1.81818181818182
29	2.27586206896552
27	2.48148148148148
36	2.58333333333333
9	1.88888888888889
25	2.52
19	2.26315789473684
32	4.40625
11	1.54545454545455
23	2.73913043478261
42	3.04761904761905
31	2.64516129032258
4	1
13	1.92307692307692
17	2.11764705882353
38	3.26315789473684
4	1
13	2.15384615384615
16	2.5
4	1
21	3.0952380952381
23	2.52173913043478
6	1.33333333333333
18	2.16666666666667
8	1.25
29	2.31034482758621
31	2.74193548387097
6	1.5
22	2
23	2.52173913043478
16	1.9375
13	1.38461538461538
21	3.42857142857143
21	1.76190476190476
39	2.35897435897436
27	2.22222222222222
13	2.30769230769231
40	2.9
13	3
25	2.32
19	1.89473684210526
33	2.90909090909091
22	2.54545454545455
15	2.8
13	2.38461538461538
23	2.65217391304348
17	2.47058823529412
22	2.36363636363636
18	1.72222222222222
11	1.36363636363636
24	1.91666666666667
40	3.55
11	1.54545454545455
9	2.11111111111111
23	2
19	2.10526315789474
7	1.28571428571429
13	1.92307692307692
27	2.7037037037037
23	2.52173913043478
21	3.52380952380952
3	1
18	3.05555555555556
31	2.45161290322581
20	3.1
8	2
7	1
5	2
63	3.3968253968254
7	1.14285714285714
24	2.375
16	3.375
31	3.32258064516129
28	2.53571428571429
3	1
16	2.125
26	2.34615384615385
9	1.33333333333333
10	1.8
37	2.64864864864865
20	2.2
22	2.04545454545455
18	2.44444444444444
10	2.5
19	2
5	2
16	1.875
11	2.45454545454545
13	3.15384615384615
16	2.3125
32	2.625
11	1.72727272727273
20	2.95
7	2
12	2.33333333333333
17	2.47058823529412
9	2.22222222222222
13	1.69230769230769
9	1.77777777777778
11	1.45454545454545
23	2.78260869565217
28	3.5
4	1.5
25	2.12
6	1.33333333333333
5	1.2
11	3.72727272727273
11	1.90909090909091
32	2.9375
14	1.85714285714286
8	1.25
4	0.75
20	2.2
17	2.05882352941176
22	3.04545454545455
31	3.38709677419355
14	2.21428571428571
10	2.3
13	1.92307692307692
18	2.72222222222222
14	1.71428571428571
14	2.64285714285714
19	2.63157894736842
18	2.16666666666667
10	2.4
9	2.11111111111111
38	2.68421052631579
6	1.33333333333333
29	2.17241379310345
9	2.33333333333333
30	3.8
28	2.71428571428571
17	1.70588235294118
30	2.46666666666667
25	3.44
11	1.72727272727273
20	2
14	1.78571428571429
13	2.46153846153846
12	1.66666666666667
16	1.9375
18	2.94444444444444
27	1.74074074074074
5	1.8
14	1.92857142857143
50	2.76
10	1.6
20	2.3
12	1.5
10	1.7
17	2.76470588235294
12	1.5
16	2.875
9	1.66666666666667
64	5.90625
20	2.3
11	2.09090909090909
47	3.14893617021277
23	2.34782608695652
36	2.33333333333333
25	2.72
12	2.5
10	2.1
10	3.2
12	1.66666666666667
9	1.77777777777778
20	2.7
4	1
8	1.625
5	1
3	1
39	2.71794871794872
14	1.57142857142857
11	1.54545454545455
16	3.125
6	1.5
11	1.81818181818182
6	1.16666666666667
41	3.82926829268293
3	1
21	2.57142857142857
41	2.90243902439024
27	2.88888888888889
7	1.71428571428571
9	1.77777777777778
19	3
48	2.39583333333333
20	3.05
5	0.8
17	3.64705882352941
9	1.44444444444444
18	2.77777777777778
8	1.625
20	3.2
4	1.5
17	3.23529411764706
28	2.03571428571429
25	3.76
16	2.5625
19	2.26315789473684
17	2.35294117647059
39	3.48717948717949
7	1.28571428571429
15	2.26666666666667
20	2.65
19	2.63157894736842
24	3.91666666666667
22	2.90909090909091
23	2.21739130434783
23	3.08695652173913
9	1.44444444444444
37	3.51351351351351
27	2.59259259259259
38	3.42105263157895
38	2.57894736842105
29	1.82758620689655
11	2
28	2.57142857142857
23	2.47826086956522
16	2.125
10	1.4
16	2.75
15	2.6
4	1
24	2.70833333333333
5	1.2
12	1.91666666666667
16	4.75
30	3.26666666666667
43	2.86046511627907
10	1.7
20	1.9
24	2.58333333333333
5	1
42	3.04761904761905
25	2.36
6	1.83333333333333
19	1.89473684210526
21	2.33333333333333
25	2.28
8	2
25	2.28
13	2.23076923076923
27	3.25925925925926
21	2.42857142857143
9	2.77777777777778
6	1.33333333333333
6	1.5
13	2.15384615384615
40	3.025
26	2.34615384615385
10	1.2
19	2.10526315789474
16	1.9375
20	3.5
25	2.84
22	2.04545454545455
19	2.73684210526316
10	2.4
18	2.72222222222222
48	2.8125
16	2.3125
28	2.32142857142857
10	1.8
23	3.47826086956522
20	2.45
13	2.53846153846154
16	2.625
14	2.28571428571429
23	2.52173913043478
15	2.4
8	1.375
18	2.05555555555556
11	1.54545454545455
18	1.77777777777778
23	2.52173913043478
23	2.34782608695652
15	1.53333333333333
8	1.25
5	1.4
12	2
20	2.1
12	1.66666666666667
4	1
14	2.42857142857143
5	1
29	3.06896551724138
24	2.54166666666667
19	2
6	1.5
6	1.33333333333333
12	3.33333333333333
17	1.58823529411765
6	1.5
14	2.07142857142857
5	1.2
11	1.63636363636364
4	1
22	2.59090909090909
24	2.45833333333333
8	1.625
6	1.5
23	2.73913043478261
21	2.0952380952381
26	3.30769230769231
27	3.48148148148148
18	2.16666666666667
56	3.19642857142857
17	2.29411764705882
29	2.75862068965517
3	0.666666666666667
35	2.2
16	2.5
30	2.06666666666667
15	2.06666666666667
25	2.52
22	2.09090909090909
31	2.7741935483871
28	2
22	1.90909090909091
28	3.64285714285714
33	2.42424242424242
23	2.30434782608696
9	1.44444444444444
18	2.05555555555556
13	1.76923076923077
19	2.15789473684211
17	2.35294117647059
22	2.27272727272727
33	2.96969696969697
39	3.35897435897436
3	1
36	3
6	1.16666666666667
22	2.81818181818182
23	3
18	2.38888888888889
12	2.08333333333333
11	2.36363636363636
13	2.07692307692308
12	2.16666666666667
21	3.33333333333333
45	3.24444444444444
43	2.6046511627907
69	2.68115942028985
29	2.27586206896552
25	2.4
28	3.28571428571429
19	2.57894736842105
14	2
33	3.06060606060606
25	2.32
14	2.14285714285714
18	1.94444444444444
11	2.18181818181818
16	2.3125
11	1.72727272727273
11	2
39	2
6	1.5
16	3.125
14	2.07142857142857
22	3.5
8	1.375
16	2.5
19	2.63157894736842
47	3.06382978723404
30	2.73333333333333
33	3.27272727272727
13	2.46153846153846
10	2.5
21	2
32	3.46875
10	1.5
14	1.71428571428571
21	2.52380952380952
38	2.92105263157895
28	2
26	2.53846153846154
38	2.92105263157895
21	2.23809523809524
11	1.81818181818182
21	2.66666666666667
17	3.17647058823529
35	2.97142857142857
9	1.22222222222222
9	1.44444444444444
26	3.07692307692308
23	2.82608695652174
19	2.21052631578947
12	1.83333333333333
12	1.75
12	2.08333333333333
10	1.9
24	2.29166666666667
12	3.83333333333333
31	2.61290322580645
36	2.63888888888889
11	2.54545454545455
14	1.92857142857143
11	3.09090909090909
21	2.42857142857143
7	1.42857142857143
41	2.90243902439024
18	2
22	2.36363636363636
15	2.26666666666667
20	2.45
28	2.35714285714286
40	3.225
9	1.44444444444444
9	1.88888888888889
15	1.8
12	2.08333333333333
24	2.16666666666667
10	1.6
19	2.10526315789474
19	1.94736842105263
10	1.9
18	2.11111111111111
25	2
3	1
30	2.96666666666667
12	1.75
7	1.57142857142857
12	2.33333333333333
7	1.28571428571429
8	1.5
8	1.75
3	1
30	2.8
30	2.36666666666667
17	1.94117647058824
12	2.83333333333333
30	2.8
45	3.13333333333333
11	1.81818181818182
16	1.9375
16	2.8125
9	1.33333333333333
11	2
18	2.44444444444444
10	1.9
19	2.68421052631579
10	3
3	0.666666666666667
25	2.84
15	3.26666666666667
15	1.86666666666667
21	2.76190476190476
9	2.11111111111111
18	2.61111111111111
21	2.33333333333333
23	3.69565217391304
10	1.6
9	2.66666666666667
13	2.07692307692308
32	3.65625
24	2.91666666666667
24	2.54166666666667
17	2.29411764705882
31	2.64516129032258
17	4.23529411764706
17	2.52941176470588
20	2.85
15	2.93333333333333
8	1.625
9	1.66666666666667
8	2.5
20	2.05
19	2.21052631578947
16	2
7	1.14285714285714
20	2.15
33	4.33333333333333
28	3.07142857142857
7	1.28571428571429
6	1.5
22	2.18181818181818
30	2.76666666666667
5	1.2
6	1.5
4	1.5
7	1.57142857142857
9	2.55555555555556
36	2.86111111111111
20	2.7
10	1.5
9	1.66666666666667
6	1
9	1.66666666666667
16	3.375
16	2.0625
13	2
32	2.71875
25	1.92
17	2.29411764705882
22	2.54545454545455
3	0.666666666666667
21	2.19047619047619
60	3.43333333333333
26	2.65384615384615
13	1.92307692307692
29	2.55172413793103
9	1.44444444444444
9	1.44444444444444
12	2.91666666666667
10	1.9
24	3
10	2.1
31	3.16129032258065
13	2.15384615384615
11	2
4	1
18	2.94444444444444
24	3.66666666666667
18	2.16666666666667
29	2.55172413793103
12	1.66666666666667
21	2.66666666666667
30	2.4
17	3.05882352941176
31	2.45161290322581
24	2.25
16	1.6875
20	3
7	1.42857142857143
19	2.31578947368421
12	2.08333333333333
22	2.18181818181818
24	1.83333333333333
13	1.76923076923077
13	1.69230769230769
16	2.3125
16	2.3125
17	2.70588235294118
11	1.72727272727273
27	2.59259259259259
6	2
20	2.1
22	3.09090909090909
20	2.25
18	2.16666666666667
34	2.47058823529412
9	2.44444444444444
12	2.25
11	2
8	2.25
33	2.87878787878788
15	1.93333333333333
16	1.375
3	1
22	2.81818181818182
28	2.60714285714286
64	2.90625
17	2.17647058823529
23	3.43478260869565
5	1.2
17	2.47058823529412
5	1.6
23	3.1304347826087
7	2.14285714285714
9	2.11111111111111
8	2
8	1.875
5	1
8	2.5
4	1
17	1.82352941176471
21	2.52380952380952
9	2.55555555555556
4	1
3	1
34	2.44117647058824
10	1.9
18	2.05555555555556
21	2.0952380952381
10	1.4
9	1.66666666666667
15	1.4
17	1.47058823529412
17	1.76470588235294
12	2
22	3.45454545454545
8	1.375
15	2.53333333333333
6	1.33333333333333
10	1.7
13	2.30769230769231
18	3.11111111111111
6	1.5
14	1.57142857142857
18	2.11111111111111
11	1.72727272727273
9	1.44444444444444
21	4.33333333333333
37	2.72972972972973
32	2.40625
11	2.27272727272727
25	2
7	1.42857142857143
11	2.18181818181818
9	2.22222222222222
11	2.18181818181818
9	1.33333333333333
7	1.28571428571429
5	1.2
13	1.61538461538462
10	1.9
23	2.56521739130435
32	2.59375
11	1.81818181818182
25	2.8
17	1.76470588235294
12	2.16666666666667
9	1.55555555555556
11	1.63636363636364
18	2.27777777777778
8	1.625
11	2.27272727272727
19	2.52631578947368
10	1.7
19	3.15789473684211
10	1.4
17	1.82352941176471
12	1.58333333333333
40	2.925
11	1.81818181818182
21	3.14285714285714
21	1.85714285714286
18	2.83333333333333
31	2.87096774193548
24	2.5
5	1.2
3	1
5	1.2
22	2.27272727272727
12	1.5
17	1.82352941176471
13	2.53846153846154
21	2.28571428571429
16	1.9375
16	2.0625
10	1.7
7	1.42857142857143
10	1.7
10	1.8
8	2.375
29	2.58620689655172
25	1.96
39	2.8974358974359
31	2.16129032258065
6	1.66666666666667
38	2.57894736842105
22	3.27272727272727
8	2
8	2.125
14	2
18	2.83333333333333
11	1.72727272727273
3	0.666666666666667
8	2.5
12	1.66666666666667
12	1.58333333333333
9	1.44444444444444
10	1.5
16	2.0625
7	2
9	2.88888888888889
9	2.33333333333333
13	3.38461538461538
5	1.6
12	1.91666666666667
15	2.8
6	1.83333333333333
8	1.5
18	3.33333333333333
9	1.77777777777778
6	1.5
13	1.84615384615385
10	2
5	1
16	2
10	1.7
13	2.46153846153846
11	1.36363636363636
18	2.27777777777778
11	1.63636363636364
14	2.35714285714286
8	1.25
16	2.375
16	2.5625
17	2.05882352941176
30	3.26666666666667
12	2.91666666666667
11	2.09090909090909
7	1.42857142857143
16	2.3125
22	2.36363636363636
11	1.63636363636364
9	1.66666666666667
29	2.55172413793103
6	1.5
16	1.8125
14	2.35714285714286
6	1.5
24	1.91666666666667
34	5.05882352941176
21	2.61904761904762
37	2.94594594594595
10	1.4
22	2.36363636363636
17	1.88235294117647
13	2
21	2.0952380952381
22	2.5
4	1
10	1.8
20	2.4
6	1.66666666666667
22	2.40909090909091
3	1
5	1.2
10	1.8
25	2.48
5	1
5	1.4
18	2.11111111111111
15	1.93333333333333
17	2.23529411764706
16	2.125
15	2.4
5	1.4
14	1.71428571428571
7	2.28571428571429
10	1.7
8	2.75
12	2
8	1.25
5	1.2
3	1
49	2.71428571428571
28	2.82142857142857
12	1.91666666666667
11	2
5	1.4
25	2.52
19	2.78947368421053
22	2.5
18	2.22222222222222
23	2.17391304347826
8	2.5
11	1.90909090909091
8	1.25
11	1.81818181818182
33	3.42424242424242
8	1.375
8	1.75
16	1.875
24	3.375
18	1.94444444444444
29	3.41379310344828
27	2.66666666666667
10	1.5
41	2.82926829268293
9	2.55555555555556
36	2.86111111111111
18	2.11111111111111
21	2.52380952380952
26	3.03846153846154
10	1.8
12	2.16666666666667
26	2.65384615384615
36	2.47222222222222
18	2.22222222222222
36	2.69444444444444
37	3.02702702702703
33	4.09090909090909
20	3.35
35	2.71428571428571
25	2.52
16	2.25
7	1.42857142857143
19	2.15789473684211
8	2.625
31	2.16129032258065
26	2.57692307692308
5	1
18	2.22222222222222
12	2.16666666666667
7	1.42857142857143
8	1.625
17	2.11764705882353
17	2.58823529411765
18	2.05555555555556
26	2.23076923076923
9	1.44444444444444
12	2.83333333333333
25	2.12
16	2.75
9	1.44444444444444
26	2.80769230769231
17	2
23	2.43478260869565
20	2.6
13	1.76923076923077
18	2
15	2.33333333333333
31	2.80645161290323
7	1.42857142857143
9	1.55555555555556
40	2.375
32	3.15625
37	3.48648648648649
28	2.75
16	2.125
20	2.75
28	2.14285714285714
17	2.05882352941176
20	6.1
12	1.58333333333333
43	2.72093023255814
31	3.19354838709677
22	2.54545454545455
8	2.875
32	2.65625
8	2.375
34	3.05882352941176
31	3.64516129032258
15	2.13333333333333
11	1.81818181818182
22	1.77272727272727
37	3.40540540540541
9	1.33333333333333
28	2.07142857142857
14	1.85714285714286
20	2.55
7	1.42857142857143
14	2.35714285714286
13	2.15384615384615
37	3.05405405405405
11	1.63636363636364
19	2
4	0.75
58	5.32758620689655
12	1.91666666666667
11	1.90909090909091
28	2.85714285714286
25	2.4
7	1.14285714285714
8	1.625
27	2.62962962962963
7	1.14285714285714
5	1.4
9	2.33333333333333
9	1.33333333333333
19	2.36842105263158
62	3.66129032258065
56	3.16071428571429
22	2.63636363636364
17	1.88235294117647
19	2.21052631578947
4	1
4	1
24	2.29166666666667
12	2
19	2.36842105263158
15	3.2
18	3.05555555555556
9	1.22222222222222
31	2.54838709677419
27	2.40740740740741
25	3.04
5	1.6
22	5.90909090909091
15	2.13333333333333
15	2.53333333333333
28	3.25
20	1.95
19	2.78947368421053
35	2.85714285714286
13	2.07692307692308
3	1
30	2.3
12	2
11	1.90909090909091
40	2.9
3	1
26	2.30769230769231
33	6.96969696969697
3	1
20	1.9
13	2.07692307692308
18	2.77777777777778
11	2.81818181818182
19	2.63157894736842
9	2.11111111111111
11	3
9	2.22222222222222
27	1.88888888888889
41	2.8780487804878
34	2.44117647058824
49	2.75510204081633
27	2.81481481481481
39	2.48717948717949
10	2
20	1.95
21	1.76190476190476
7	1.42857142857143
9	1.44444444444444
36	2.5
31	2.67741935483871
19	2.42105263157895
5	2
5	1.6
36	3
12	1.91666666666667
25	2.68
13	2.23076923076923
23	2.26086956521739
10	1.6
42	2.71428571428571
6	1.5
17	2.29411764705882
41	2.17073170731707
19	1.68421052631579
25	2.4
13	3.61538461538462
15	1.8
30	2.3
33	2.90909090909091
15	2.2
24	2.25
21	2.19047619047619
26	2.69230769230769
24	3.04166666666667
25	1.84
14	1.92857142857143
17	3.64705882352941
6	1.66666666666667
19	2.36842105263158
24	2.375
23	2.91304347826087
26	2.30769230769231
18	2.16666666666667
12	1.91666666666667
37	3.2972972972973
21	2.80952380952381
18	2.33333333333333
36	3.08333333333333
17	2.29411764705882
34	3.38235294117647
9	2.11111111111111
9	2.33333333333333
7	1
3	1
28	2.78571428571429
11	2.54545454545455
14	1.71428571428571
30	2.56666666666667
6	1.5
7	1.28571428571429
9	2
11	2.18181818181818
23	2.30434782608696
27	2.18518518518519
12	1.83333333333333
20	2.25
9	1.66666666666667
13	2.15384615384615
26	2.26923076923077
9	1.44444444444444
15	2
9	1.77777777777778
9	1.77777777777778
7	2
9	1.66666666666667
10	1.5
9	2.55555555555556
56	4.35714285714286
12	2.25
11	2
14	1.85714285714286
52	2.96153846153846
36	2.72222222222222
31	2.87096774193548
7	2.42857142857143
23	3.82608695652174
15	2.53333333333333
28	2.35714285714286
19	2.68421052631579
7	1.85714285714286
21	2.9047619047619
4	1.5
34	3.52941176470588
8	1.75
29	2.58620689655172
11	3
15	1.86666666666667
9	1.88888888888889
15	2
18	2
15	1.6
7	1.42857142857143
10	1.7
11	1.63636363636364
12	1.75
8	2.375
30	2.8
8	1.625
19	2.57894736842105
21	2.66666666666667
15	2.8
23	2.26086956521739
16	3.125
10	1.8
19	2
18	2.5
15	2.2
26	3.03846153846154
20	2.7
9	1.44444444444444
18	2.44444444444444
18	2.5
27	2.81481481481481
17	2.58823529411765
7	1.85714285714286
19	1.89473684210526
4	1
19	2.36842105263158
18	2.16666666666667
18	2.16666666666667
49	4.51020408163265
30	2.86666666666667
20	2.35
39	4.20512820512821
16	2.625
19	2.63157894736842
9	2.11111111111111
16	1.6875
29	3.24137931034483
16	2
16	3
15	2.26666666666667
19	2.47368421052632
24	2.625
48	2.29166666666667
37	2.78378378378378
21	2.85714285714286
26	2.03846153846154
24	2.375
11	1.72727272727273
8	2
19	2.10526315789474
3	1
12	1.91666666666667
8	1.5
28	3.39285714285714
8	1.375
12	2
13	2.30769230769231
6	1.5
11	2.27272727272727
13	2.38461538461538
8	2.125
10	1.6
14	2.64285714285714
12	1.66666666666667
10	2.5
14	2.07142857142857
22	2.09090909090909
31	3.32258064516129
29	2.82758620689655
8	1.375
23	2.78260869565217
8	1.375
15	1.46666666666667
9	1.55555555555556
23	2.08695652173913
25	3.16
25	1.84
22	2.63636363636364
15	2.33333333333333
39	3
39	2.43589743589744
28	3.28571428571429
28	2.5
28	3.39285714285714
6	1.16666666666667
3	1
6	1.5
6	1.66666666666667
6	1.5
11	1.90909090909091
11	2
8	2
26	3.34615384615385
22	2.04545454545455
9	1.77777777777778
13	2
18	2.5
38	2.89473684210526
20	1.75
13	2.23076923076923
25	2.88
34	3.23529411764706
29	3.27586206896552
34	2.94117647058824
18	2.11111111111111
18	2.61111111111111
14	2.21428571428571
16	1.875
13	1.92307692307692
29	3.3448275862069
10	2.2
20	2
27	2.25925925925926
11	1.81818181818182
17	2.29411764705882
12	2.75
4	1
42	8.19047619047619
14	2.57142857142857
3	1
22	3.5
17	3.35294117647059
8	1.75
11	2
18	2.33333333333333
42	2.80952380952381
19	2.26315789473684
22	3.09090909090909
22	2.54545454545455
11	1.72727272727273
39	2.92307692307692
12	1.75
26	2
12	1.83333333333333
14	2.57142857142857
31	2.19354838709677
31	3.35483870967742
18	3.27777777777778
30	2.56666666666667
27	2.48148148148148
36	3.11111111111111
17	3.11764705882353
19	1.78947368421053
28	2.96428571428571
27	2
21	2.85714285714286
8	1.625
14	1.71428571428571
15	2.26666666666667
13	2.15384615384615
17	2.47058823529412
27	2.55555555555556
11	2.09090909090909
3	1
28	3.25
46	2.5
20	3.55
15	2.33333333333333
23	1.69565217391304
19	1.94736842105263
4	1
15	2.06666666666667
6	1.5
5	1.4
8	1.5
38	2.13157894736842
24	2.20833333333333
19	1.78947368421053
25	2.28
43	3.67441860465116
9	1.22222222222222
13	2.15384615384615
14	2
29	3.27586206896552
18	3.05555555555556
13	1.61538461538462
20	2.05
14	2.92857142857143
15	1.6
30	2.63333333333333
3	1
17	1.82352941176471
9	2
70	3.6
37	3.02702702702703
17	2.17647058823529
12	1.5
19	2.10526315789474
22	1.90909090909091
9	1.66666666666667
16	2.1875
15	2
16	1.9375
16	1.875
18	2.11111111111111
27	2.37037037037037
38	2.89473684210526
27	2.77777777777778
18	2.27777777777778
13	1.92307692307692
30	3.43333333333333
5	1
13	3.23076923076923
10	2.7
41	2.78048780487805
14	2.78571428571429
29	2.48275862068966
22	1.90909090909091
24	2.625
29	3.79310344827586
23	2.43478260869565
41	2.46341463414634
19	1.78947368421053
4	0.75
36	2.83333333333333
23	2.39130434782609
13	2
44	3.38636363636364
21	2.52380952380952
10	2.1
39	3.28205128205128
7	1.42857142857143
9	1.77777777777778
7	2
31	2.41935483870968
41	3.31707317073171
27	3.18518518518519
16	2.4375
22	2.13636363636364
29	3.62068965517241
20	1.85
17	2.23529411764706
31	3.38709677419355
27	2.96296296296296
16	2.5625
10	1.6
15	2.53333333333333
30	2.63333333333333
21	2.04761904761905
21	2.71428571428571
29	3.27586206896552
13	2.07692307692308
19	2.10526315789474
30	2.76666666666667
30	2.93333333333333
31	2.12903225806452
40	3.4
11	1.72727272727273
26	2.76923076923077
38	2.44736842105263
14	2
17	1.58823529411765
7	1.28571428571429
19	2.31578947368421
9	1.77777777777778
5	1
22	2.72727272727273
15	2.6
12	1.66666666666667
13	1.92307692307692
26	2.92307692307692
32	2.875
23	2.04347826086957
27	2.55555555555556
30	2.6
46	2.60869565217391
4	1.25
16	2.375
20	2.2
20	2.45
18	2.22222222222222
7	2.28571428571429
33	3.09090909090909
12	1.91666666666667
19	3.21052631578947
11	1.54545454545455
22	3.22727272727273
52	2.75
21	2.71428571428571
6	1.33333333333333
19	2.21052631578947
20	2.5
13	1.69230769230769
68	5.29411764705882
8	2.5
49	3.04081632653061
38	4.15789473684211
8	2.125
14	2
18	1.61111111111111
37	2.10810810810811
28	2.53571428571429
6	1.5
11	1.63636363636364
25	2.4
4	1.5
11	1.81818181818182
26	2.07692307692308
15	1.53333333333333
11	1.81818181818182
29	2.82758620689655
9	1.88888888888889
19	1.84210526315789
15	2
11	2.18181818181818
14	2.14285714285714
11	1.45454545454545
6	1.83333333333333
24	2.29166666666667
16	1.75
20	2.05
11	1.72727272727273
17	2.47058823529412
8	2.75
21	2.19047619047619
15	2.86666666666667
8	1.375
20	2.45
14	1.92857142857143
31	2.70967741935484
17	2.35294117647059
8	2.125
18	2.38888888888889
19	3.21052631578947
20	1.8
8	1.375
7	1.42857142857143
9	1.88888888888889
11	1.63636363636364
5	1.2
26	2.73076923076923
6	1.5
43	2.51162790697674
20	2.3
3	1
11	1.45454545454545
27	4.44444444444444
25	3.92
4	1.5
8	1.75
18	2.44444444444444
17	2.23529411764706
33	3.84848484848485
15	1.86666666666667
13	1.69230769230769
24	2.45833333333333
25	2.2
24	2.45833333333333
27	2.18518518518519
38	2.73684210526316
33	2.75757575757576
38	3.07894736842105
37	2.97297297297297
13	1.92307692307692
10	1.7
20	1.7
9	1.66666666666667
24	2.41666666666667
27	3.07407407407407
15	2.46666666666667
14	1.64285714285714
9	1.88888888888889
10	2
58	3.63793103448276
19	2.89473684210526
23	2.39130434782609
15	2.13333333333333
33	3.12121212121212
34	3.23529411764706
39	3.17948717948718
9	1.66666666666667
35	2.57142857142857
10	2.3
18	2.44444444444444
16	1.6875
25	3.28
16	1.9375
30	2.3
50	3.4
11	2.36363636363636
15	1.8
24	3.58333333333333
15	1.93333333333333
18	1.94444444444444
5	2
11	2
24	2
6	1
13	2.07692307692308
13	2.07692307692308
11	1.90909090909091
18	1.88888888888889
12	2.08333333333333
9	3
14	2.14285714285714
19	2.57894736842105
21	2.42857142857143
20	2.25
4	1
29	2.51724137931034
11	2.18181818181818
8	2
14	2.28571428571429
11	1.63636363636364
27	2.22222222222222
22	2.04545454545455
27	3.14814814814815
39	3.07692307692308
14	2.28571428571429
12	2
3	1
25	2.36
18	2.27777777777778
7	1.42857142857143
4	1
13	2
18	2.27777777777778
38	3
29	2.03448275862069
8	3
8	1.75
7	1.85714285714286
13	2.15384615384615
9	1.55555555555556
16	1.625
10	1.5
14	2.35714285714286
20	1.9
29	3.79310344827586
8	1.5
16	2.875
27	2.55555555555556
16	2.125
11	1.81818181818182
24	1.875
29	2.41379310344828
4	1.25
26	2.19230769230769
22	2.09090909090909
29	2.82758620689655
19	2.05263157894737
40	2.525
27	2.55555555555556
9	2.66666666666667
45	1.97777777777778
5	1
37	2.78378378378378
14	1.71428571428571
17	3.35294117647059
25	3.24
16	1.75
28	2.57142857142857
24	2.33333333333333
7	2.28571428571429
4	0.75
7	1.71428571428571
6	1.5
8	1.5
22	2.54545454545455
21	2.47619047619048
8	1.25
19	3.57894736842105
20	1.6
36	2.77777777777778
16	1.875
38	3.36842105263158
36	3.36111111111111
20	3.3
24	3.41666666666667
18	2.27777777777778
22	2.27272727272727
37	3.18918918918919
18	1.94444444444444
16	2.125
10	2.5
7	1.42857142857143
13	2.92307692307692
17	2.17647058823529
22	3.13636363636364
22	3.68181818181818
15	1.86666666666667
11	2.18181818181818
29	4.79310344827586
16	2.3125
9	2.55555555555556
10	1.4
49	3.14285714285714
8	1.75
28	2.28571428571429
12	1.75
4	1.5
19	2.42105263157895
17	2.64705882352941
26	2.80769230769231
20	2.7
25	2.84
11	1.45454545454545
30	2.03333333333333
11	2
7	1.42857142857143
18	2.38888888888889
13	1.92307692307692
10	1.4
8	1.75
30	2.26666666666667
18	2.38888888888889
25	2.04
10	2
52	2.94230769230769
44	3.5
13	1.84615384615385
29	4.17241379310345
11	1.81818181818182
24	2.41666666666667
22	2.68181818181818
30	2.43333333333333
28	2.14285714285714
31	2.80645161290323
26	2.34615384615385
20	2.15
20	2.25
32	2.65625
23	2.17391304347826
33	4.57575757575758
30	2.46666666666667
9	1.44444444444444
24	2.25
14	2.64285714285714
35	3.68571428571429
11	3
22	2.54545454545455
44	2.63636363636364
22	3.13636363636364
28	3.03571428571429
13	1.84615384615385
32	2.8125
6	1.5
23	4.69565217391304
24	2.54166666666667
17	2.23529411764706
7	2.28571428571429
6	2
40	2.625
9	2.66666666666667
34	3.23529411764706
4	1.5
39	2.56410256410256
25	2.6
11	2
18	2.05555555555556
22	1.86363636363636
16	1.75
12	1.66666666666667
14	2.35714285714286
6	1.33333333333333
10	1.6
14	2.42857142857143
10	1.7
17	2.35294117647059
22	2.36363636363636
7	1.14285714285714
3	1
4	1.25
22	1.95454545454545
9	1.66666666666667
8	1.75
10	2
16	2.1875
22	1.95454545454545
9	2
12	2
13	2.30769230769231
9	1.77777777777778
8	1.5
35	2.6
12	1.58333333333333
15	1.66666666666667
36	3.52777777777778
35	3.28571428571429
19	2.42105263157895
5	1.2
7	1.28571428571429
7	2.28571428571429
4	0.75
11	1.90909090909091
19	2.47368421052632
15	1.73333333333333
14	1.85714285714286
24	2.29166666666667
13	2.53846153846154
17	2.47058823529412
20	3.4
19	2.78947368421053
12	2.33333333333333
12	2.41666666666667
13	1.84615384615385
6	1.83333333333333
10	2.3
7	1.57142857142857
10	1.6
8	1.5
19	2.05263157894737
14	1.64285714285714
9	1.88888888888889
4	1
22	2.40909090909091
8	1.625
4	1
5	2
7	1.14285714285714
25	3.08
4	1.5
36	3.80555555555556
12	2
25	3.16
5	2
9	2.11111111111111
21	2.52380952380952
5	1.4
9	2.44444444444444
11	2.18181818181818
29	2.20689655172414
14	1.78571428571429
15	2.2
21	3.33333333333333
33	2.84848484848485
36	2.86111111111111
35	3.82857142857143
35	2.8
55	2.76363636363636
27	4.22222222222222
22	3.31818181818182
13	2
32	2.53125
19	2.63157894736842
35	2.02857142857143
15	2.06666666666667
22	3.22727272727273
3	1
10	1.6
9	1.55555555555556
12	1.91666666666667
22	2.27272727272727
12	2.5
25	3.8
5	1.6
32	2.96875
13	3.30769230769231
16	2.625
7	1.42857142857143
18	1.77777777777778
29	2.89655172413793
27	2.25925925925926
15	2
14	4
14	1.5
16	2.125
15	2.33333333333333
8	1.625
33	3.09090909090909
10	1.6
7	1.42857142857143
3	1
42	3.02380952380952
14	1.71428571428571
15	2.33333333333333
13	1.76923076923077
11	1.63636363636364
8	1.875
8	1.5
5	1.2
6	2
4	1
17	1.70588235294118
4	1
7	2.57142857142857
8	1.375
23	2.56521739130435
20	2.75
21	2.47619047619048
7	1.28571428571429
12	1.58333333333333
26	2.34615384615385
11	1.63636363636364
11	2.27272727272727
17	2.88235294117647
17	2
9	1.88888888888889
37	2.59459459459459
33	3.12121212121212
16	2.375
26	3.07692307692308
16	2.1875
6	1.5
26	3.38461538461538
13	2.07692307692308
21	1.76190476190476
16	2
17	2.23529411764706
20	2.35
19	3.05263157894737
12	1.75
6	1.33333333333333
5	2
16	2.25
14	2.5
8	2.25
13	1.92307692307692
9	1.33333333333333
7	1.71428571428571
24	2.58333333333333
11	1.72727272727273
22	1.90909090909091
22	1.95454545454545
13	2
17	2
8	1.625
16	2.25
15	2.13333333333333
6	1.5
12	2.33333333333333
6	1.83333333333333
13	1.69230769230769
22	2.13636363636364
19	2.89473684210526
13	2
42	2.45238095238095
11	1.54545454545455
18	2.44444444444444
40	3.3
58	2.67241379310345
16	1.9375
53	2.67924528301887
25	2.24
13	2.07692307692308
6	1.33333333333333
11	1.90909090909091
14	3.21428571428571
12	1.83333333333333
23	2.21739130434783
10	1.9
18	2.55555555555556
3	1
19	1.94736842105263
10	2.1
15	2.46666666666667
7	1.71428571428571
45	2.46666666666667
23	1.91304347826087
22	2.77272727272727
14	1.71428571428571
9	2
23	3.1304347826087
8	1.5
19	2
7	1.71428571428571
12	1.91666666666667
30	2.86666666666667
12	2.08333333333333
8	1.375
14	1.78571428571429
11	1.45454545454545
12	1.75
15	2.6
9	1.77777777777778
21	2.42857142857143
17	1.82352941176471
21	2.95238095238095
21	1.76190476190476
8	1.25
18	2.55555555555556
33	3.18181818181818
15	2.06666666666667
28	2.35714285714286
29	2.62068965517241
13	1.92307692307692
10	1.5
4	1.5
19	2.31578947368421
7	1.14285714285714
11	1.72727272727273
13	2.23076923076923
12	2.33333333333333
7	2.14285714285714
5	1.2
30	2.46666666666667
15	1.8
14	2.28571428571429
28	2.67857142857143
26	1.84615384615385
9	1.44444444444444
14	2.14285714285714
11	2.72727272727273
8	1.5
7	2.14285714285714
15	2.8
12	2.41666666666667
6	1.66666666666667
14	2.28571428571429
12	1.91666666666667
4	1
4	1
8	1.75
14	1.85714285714286
17	2.35294117647059
9	2.33333333333333
8	1.5
10	1.8
27	2.51851851851852
35	4
45	3.08888888888889
19	2.31578947368421
15	2
17	1.94117647058824
11	1.45454545454545
15	2.2
7	1.42857142857143
20	2
15	2.53333333333333
20	2.05
9	1.55555555555556
12	2.41666666666667
12	2.25
15	3.2
18	2.11111111111111
7	1.57142857142857
15	2.26666666666667
8	1.375
12	1.91666666666667
3	1
29	2.68965517241379
14	1.71428571428571
65	2.92307692307692
43	2.46511627906977
6	2.5
30	2.83333333333333
21	2.38095238095238
19	2.05263157894737
35	2.88571428571429
7	1.85714285714286
22	2.40909090909091
15	3.4
39	2.66666666666667
26	2.5
10	2.8
25	3.44
15	2.2
15	2.06666666666667
39	3.35897435897436
10	2.8
31	2.7741935483871
27	2
16	1.9375
29	3.06896551724138
36	2.38888888888889
5	2
12	1.66666666666667
44	3.54545454545455
4	1.25
28	2.35714285714286
24	3.33333333333333
24	2.75
31	4
43	3.27906976744186
27	2.66666666666667
20	1.8
20	1.95
18	1.94444444444444
15	2.6
11	1.90909090909091
14	3
5	1.6
27	2.33333333333333
6	1
4	1.5
24	2.79166666666667
4	1
17	2
5	1.2
26	2.34615384615385
26	2.65384615384615
4	1
11	1.54545454545455
35	2.74285714285714
30	2.56666666666667
24	2.54166666666667
21	2.61904761904762
26	2.88461538461538
11	2
17	1.82352941176471
15	2.33333333333333
8	2.25
19	2.36842105263158
5	1.2
30	3.13333333333333
34	3.35294117647059
15	2
3	1
18	2.5
27	2.59259259259259
12	1.66666666666667
24	2.625
7	1.28571428571429
29	3.10344827586207
19	2.94736842105263
26	2.53846153846154
10	1.5
20	2.05
13	2.15384615384615
15	2.06666666666667
19	2.36842105263158
13	2.23076923076923
15	3.2
35	2.65714285714286
15	1.86666666666667
17	2.17647058823529
23	2.78260869565217
22	2.54545454545455
13	1.53846153846154
14	2.07142857142857
27	3.22222222222222
36	3.27777777777778
19	3.05263157894737
45	3.64444444444444
25	3.56
12	2.16666666666667
22	2.59090909090909
18	1.94444444444444
18	2.44444444444444
26	2.5
21	2.33333333333333
15	2.53333333333333
25	2.64
41	2.8780487804878
25	2.4
35	3.62857142857143
18	1.66666666666667
8	1.25
21	3.0952380952381
25	2.44
12	1.91666666666667
14	2.64285714285714
9	1.88888888888889
8	1.5
10	2
8	1.375
24	2.79166666666667
17	2.47058823529412
18	2.94444444444444
8	2.5
6	1.5
14	3.21428571428571
6	1.16666666666667
6	1.33333333333333
16	2.3125
35	2.4
19	1.89473684210526
7	1.85714285714286
22	2.5
3	1
36	2.72222222222222
5	1.2
7	1.57142857142857
14	2.21428571428571
6	1.5
3	1
10	1.4
25	2.56
5	1.4
16	2
10	2.8
9	1.44444444444444
4	1
8	1.375
8	1.75
21	2
17	2.47058823529412
8	2.25
13	2.07692307692308
22	2.59090909090909
19	2.26315789473684
15	2.13333333333333
15	1.93333333333333
18	2.88888888888889
10	1.9
10	2.9
22	2.04545454545455
13	1.92307692307692
12	2.08333333333333
47	2.91489361702128
3	1
20	2
31	2.45161290322581
18	2.22222222222222
11	2.27272727272727
14	1.57142857142857
8	1.75
7	1
9	2.66666666666667
19	2.78947368421053
7	2.14285714285714
9	1.66666666666667
6	1.5
31	2.90322580645161
15	2.53333333333333
8	1.75
16	3.25
11	2.81818181818182
28	4.17857142857143
18	3.44444444444444
17	1.64705882352941
16	2.625
8	1.875
18	2.5
19	2
24	2.70833333333333
38	2.92105263157895
20	2.85
28	3.17857142857143
24	2.33333333333333
31	3.09677419354839
26	2.88461538461538
22	2.09090909090909
37	4.18918918918919
3	1
18	2.22222222222222
29	4
9	1.77777777777778
16	3
13	2
6	1.33333333333333
21	2.66666666666667
18	2.16666666666667
29	2.89655172413793
35	2.62857142857143
19	2.68421052631579
9	2
40	3.65
13	2
19	2.57894736842105
6	1.5
40	2.45
43	2.88372093023256
6	1.66666666666667
9	3.66666666666667
25	2.52
16	2.375
24	2.04166666666667
12	2.16666666666667
11	1.72727272727273
5	1.2
24	2.83333333333333
15	2.13333333333333
26	3.07692307692308
24	2.5
13	2.30769230769231
13	3.15384615384615
15	2.26666666666667
3	1
9	2.55555555555556
8	1.75
14	1.71428571428571
12	2.08333333333333
26	2.5
3	1
8	1.75
14	1.92857142857143
11	1.81818181818182
28	2.71428571428571
23	2.26086956521739
32	2.53125
14	2.21428571428571
26	2.15384615384615
16	1.8125
10	1.9
23	2.21739130434783
5	1.4
11	1.90909090909091
32	3.25
13	2.76923076923077
16	2.25
29	2.51724137931034
14	2.92857142857143
30	2.6
31	3.09677419354839
21	1.76190476190476
6	1.83333333333333
16	2.3125
23	3.04347826086957
12	1.91666666666667
11	2.63636363636364
5	1.6
25	2.72
4	1
14	1.85714285714286
13	2.07692307692308
19	1.68421052631579
33	2.51515151515152
17	2.29411764705882
11	2.27272727272727
8	2.375
9	1.44444444444444
20	2
16	1.9375
16	2.5625
8	1.375
5	1.2
9	2.22222222222222
22	2.54545454545455
6	1.16666666666667
7	1.14285714285714
9	1.66666666666667
12	1.58333333333333
13	2.76923076923077
20	2.85
12	2
7	1.28571428571429
16	1.875
18	2
19	2.26315789473684
30	1.96666666666667
4	1
36	3.08333333333333
42	4.21428571428571
18	4.44444444444444
18	1.83333333333333
22	2.09090909090909
11	2.81818181818182
40	5.05
18	2
14	2.07142857142857
25	2.28
25	2.04
22	2.81818181818182
19	3.57894736842105
35	2.08571428571429
21	2.95238095238095
27	2.18518518518519
34	2.38235294117647
32	2.6875
37	2.51351351351351
20	2.65
10	1.4
23	2.17391304347826
18	3.11111111111111
13	2.38461538461538
9	1.66666666666667
18	2.11111111111111
17	1.64705882352941
6	1.33333333333333
12	2.08333333333333
18	2.5
19	2.10526315789474
24	2.08333333333333
26	2.5
15	1.86666666666667
29	3.10344827586207
18	2.5
25	3.04
13	2.15384615384615
8	2.25
19	2.21052631578947
16	2
11	2.18181818181818
33	2.21212121212121
25	2.8
23	1.78260869565217
5	1.2
6	1.5
26	2.73076923076923
3	0.666666666666667
9	1.44444444444444
10	1.6
44	2.47727272727273
7	1.85714285714286
29	2.6551724137931
20	2.95
21	3.47619047619048
5	1.4
8	1.875
16	2.5625
43	2.93023255813953
19	2.57894736842105
10	1.6
15	2.13333333333333
6	1.5
13	1.61538461538462
15	2.4
14	2.07142857142857
17	2.41176470588235
9	1.66666666666667
9	1.77777777777778
13	2.53846153846154
11	1.63636363636364
23	2.43478260869565
12	2
24	2.20833333333333
16	2.4375
12	2
7	1.85714285714286
35	2.45714285714286
7	1.28571428571429
16	1.75
16	2.1875
12	2.5
22	2.59090909090909
12	2.41666666666667
18	2.27777777777778
10	1.5
6	1.16666666666667
17	3
3	0.666666666666667
5	1.4
10	1.4
38	3.13157894736842
13	2.30769230769231
8	1.875
10	2.5
3	1
8	2
6	1.16666666666667
7	1.85714285714286
5	1.4
6	1.33333333333333
23	3.21739130434783
8	1.75
12	2
20	3.45
26	2.07692307692308
4	1.5
15	2.33333333333333
17	2.17647058823529
5	1.2
10	1.5
10	1.4
11	2
9	1.66666666666667
19	2.26315789473684
21	2.23809523809524
22	2.45454545454545
18	3.33333333333333
25	2.88
10	3.1
17	3.52941176470588
34	2.64705882352941
10	1.8
10	1.7
17	2.05882352941176
6	1.16666666666667
9	1.88888888888889
10	1.5
23	2.43478260869565
6	1.33333333333333
12	1.58333333333333
14	2.07142857142857
17	1.88235294117647
8	2.25
13	2.84615384615385
20	1.95
24	2.08333333333333
12	2.25
16	2.25
16	2.0625
6	1.16666666666667
12	1.33333333333333
14	2.35714285714286
14	1.57142857142857
7	1.57142857142857
5	1
13	1.61538461538462
15	1.6
24	2.45833333333333
23	4.04347826086957
13	2.15384615384615
13	2
28	2.82142857142857
16	2.875
18	1.72222222222222
40	4.075
22	3.09090909090909
37	2.83783783783784
28	3.03571428571429
11	2.09090909090909
21	2.42857142857143
23	2.30434782608696
10	1.9
8	1.75
7	1.14285714285714
23	2.08695652173913
15	2.13333333333333
21	2.38095238095238
32	3.375
10	1.9
33	2.93939393939394
7	1.28571428571429
36	3.80555555555556
10	3
12	3.83333333333333
20	3.35
14	1.71428571428571
6	2
53	4.16981132075472
3	1
14	2.35714285714286
25	2.44
60	2.8
4	1
15	1.8
14	2.57142857142857
19	2.78947368421053
16	2.0625
17	2.88235294117647
20	2.5
11	1.90909090909091
8	2
36	2.58333333333333
15	1.73333333333333
26	2.96153846153846
11	1.81818181818182
23	2.21739130434783
19	2.31578947368421
9	1.66666666666667
77	3.50649350649351
13	2
22	2.04545454545455
12	2.33333333333333
40	2.525
9	1.66666666666667
3	1
32	4
11	2.36363636363636
7	1.57142857142857
18	2.16666666666667
16	1.875
14	2.14285714285714
15	1.8
14	2.64285714285714
19	2.57894736842105
5	1.8
8	1.75
11	1.27272727272727
20	2.05
15	2.26666666666667
7	2.28571428571429
3	1
27	4.18518518518519
18	2.27777777777778
26	2.23076923076923
29	3.51724137931034
20	2.35
12	2.16666666666667
16	2.5625
3	1
13	1.61538461538462
13	2.38461538461538
24	2.83333333333333
10	1.6
15	2.2
17	1.88235294117647
12	3.58333333333333
13	2.38461538461538
4	1.5
7	1.28571428571429
6	1.16666666666667
15	1.6
9	1.22222222222222
6	1.33333333333333
6	1.33333333333333
12	2.25
21	2.57142857142857
11	2.27272727272727
15	2.46666666666667
12	1.41666666666667
17	1.76470588235294
12	2.33333333333333
14	2
21	2.0952380952381
14	2.14285714285714
10	1.5
14	1.71428571428571
42	2.52380952380952
18	2.22222222222222
44	3.40909090909091
49	2.10204081632653
6	0.833333333333333
3	1
7	1.42857142857143
10	1.8
16	1.6875
27	1.88888888888889
3	0.666666666666667
17	1.82352941176471
22	2.22727272727273
24	2.33333333333333
22	2.27272727272727
19	2.15789473684211
6	1.83333333333333
16	2.5625
19	1.94736842105263
7	1.28571428571429
33	2.57575757575758
19	2.57894736842105
8	2
7	1.42857142857143
17	2.70588235294118
8	1.75
32	2.84375
42	2.78571428571429
19	1.57894736842105
16	1.6875
11	2.09090909090909
21	1.80952380952381
14	2.07142857142857
17	2.58823529411765
23	2.91304347826087
17	2.05882352941176
6	1.16666666666667
5	1.2
7	1.85714285714286
8	2.875
11	2
29	2.48275862068966
9	2
8	2.25
9	1.66666666666667
7	1.42857142857143
4	1
7	1.42857142857143
6	1.5
3	1
4	1
5	1.4
3	0.666666666666667
4	1
3	1
5	1.2
3	1
31	2.67741935483871
6	1.33333333333333
34	2.26470588235294
10	1.8
9	1.66666666666667
12	1.66666666666667
8	1.375
11	1.45454545454545
30	2.36666666666667
6	1.83333333333333
5	1.2
4	1.5
15	3
13	2
43	2.51162790697674
12	1.91666666666667
23	3.08695652173913
20	4.85
14	2.5
11	1.63636363636364
20	2.5
9	1.88888888888889
14	2.64285714285714
38	2.86842105263158
7	1.28571428571429
4	1
9	2.33333333333333
10	1.9
22	2.13636363636364
7	1.14285714285714
8	2.375
38	2.86842105263158
24	2.29166666666667
20	2.25
32	3.6875
8	1.5
30	2.33333333333333
40	2.75
39	3
16	2.5625
12	2
15	2.46666666666667
16	2.125
6	1.5
12	2.08333333333333
3	1
38	2.15789473684211
20	1.7
22	2.5
10	1.4
10	1.8
5	1
20	3.2
16	2.75
11	4.63636363636364
14	1.78571428571429
9	2.11111111111111
24	2.45833333333333
21	2.0952380952381
38	2.13157894736842
4	1.5
10	1.5
25	2.92
22	2.27272727272727
19	2.57894736842105
9	1.55555555555556
33	2.6969696969697
12	1.5
17	2.17647058823529
11	1.36363636363636
20	1.9
22	2.04545454545455
5	1
21	2.71428571428571
25	2.2
37	3.2972972972973
17	2.11764705882353
10	1.6
22	1.95454545454545
18	1.94444444444444
23	2.39130434782609
18	2.11111111111111
9	1.44444444444444
26	2.19230769230769
17	2.94117647058824
7	1.71428571428571
25	2.08
10	1.8
29	2.48275862068966
28	2.60714285714286
31	4.61290322580645
19	2.21052631578947
24	2.70833333333333
15	1.86666666666667
18	1.94444444444444
28	2.57142857142857
17	2.70588235294118
20	2.05
3	1
20	2.15
14	1.64285714285714
6	1.66666666666667
16	2.0625
12	2.25
6	2
11	1.72727272727273
14	1.78571428571429
11	1.90909090909091
11	2.27272727272727
5	1.2
13	1.76923076923077
4	0.75
10	2.6
4	1.25
7	2.57142857142857
19	2.31578947368421
25	2.68
23	2.52173913043478
35	2.91428571428571
24	2.41666666666667
32	3.125
16	3.625
14	1.57142857142857
12	2.33333333333333
5	2
11	1.36363636363636
11	2.27272727272727
4	0.75
15	2.26666666666667
18	2.44444444444444
13	1.84615384615385
9	1.55555555555556
41	1.92682926829268
6	1.33333333333333
8	1.75
11	2.27272727272727
12	1.91666666666667
8	1.625
22	2.40909090909091
18	1.83333333333333
7	2.42857142857143
4	1
21	2.47619047619048
11	1.72727272727273
17	2.82352941176471
21	2
15	2.53333333333333
19	2.63157894736842
32	2.875
28	1.92857142857143
22	2.54545454545455
23	2.21739130434783
24	3.29166666666667
18	2.5
15	3
23	2
19	2.15789473684211
20	2.35
4	1
17	2.58823529411765
7	2.42857142857143
11	1.63636363636364
19	2.47368421052632
20	2.35
21	2.42857142857143
14	1.64285714285714
15	1.66666666666667
18	2.16666666666667
13	3.15384615384615
19	2.36842105263158
9	2
16	1.6875
22	3.31818181818182
17	2.23529411764706
25	3.44
20	2.95
49	4.46938775510204
3	0.666666666666667
16	2.625
35	2.77142857142857
17	2.23529411764706
16	2
17	2.76470588235294
7	1.28571428571429
14	1.85714285714286
18	2.22222222222222
13	1.69230769230769
12	1.91666666666667
21	3.33333333333333
20	2.65
9	1.77777777777778
32	2.8125
33	1.93939393939394
41	5
13	2
35	2.34285714285714
21	2.66666666666667
16	2.3125
34	3.05882352941176
29	2.72413793103448
18	2.61111111111111
19	2.63157894736842
30	2.66666666666667
13	2.61538461538462
9	3.33333333333333
6	2
13	2.53846153846154
16	1.75
14	2.07142857142857
13	1.69230769230769
9	2.33333333333333
9	1.66666666666667
16	1.8125
23	2
23	1.8695652173913
12	2.25
4	1.25
26	1.96153846153846
4	1
12	1.83333333333333
12	1.75
10	1.6
9	1.77777777777778
24	2.83333333333333
25	2.28
12	1.83333333333333
14	2.07142857142857
8	1.625
10	1.4
17	2.82352941176471
16	2.5
3	1
7	1.14285714285714
13	2
14	2.64285714285714
12	2.33333333333333
18	2.33333333333333
15	1.93333333333333
12	2.08333333333333
7	1.42857142857143
15	2.4
29	3.44827586206897
9	1.77777777777778
12	1.91666666666667
7	3
16	1.875
22	2.59090909090909
18	1.94444444444444
11	2.18181818181818
12	1.58333333333333
8	1.75
13	1.69230769230769
25	3.12
20	1.8
19	3.36842105263158
5	1
24	3.20833333333333
12	2.08333333333333
14	1.92857142857143
6	1.5
41	2.29268292682927
16	2
10	2.1
61	3.45901639344262
19	2.63157894736842
15	1.8
12	2
16	2.1875
7	1.42857142857143
18	2.5
52	3.44230769230769
12	2.33333333333333
22	3.13636363636364
20	3.35
23	2.65217391304348
20	2.15
25	2.8
6	2.5
13	2.30769230769231
27	3.14814814814815
12	2.16666666666667
6	1
19	2.78947368421053
3	0.666666666666667
30	3.76666666666667
4	1.5
9	2.77777777777778
9	2.44444444444444
19	2.94736842105263
9	1.66666666666667
19	2.15789473684211
36	2.47222222222222
26	2.34615384615385
38	3.68421052631579
20	2.2
12	1.91666666666667
12	1.58333333333333
4	1
31	2.90322580645161
16	2.0625
33	3
3	1
