"node"	"mean_edge_length"
12	1.5
8	1.625
27	2.22222222222222
21	2.95238095238095
40	2.325
22	2.22727272727273
33	2.93939393939394
35	3.14285714285714
24	2.54166666666667
22	2.18181818181818
4	1
7	1.57142857142857
11	1.45454545454545
17	3.17647058823529
27	2.59259259259259
16	2.6875
37	2.97297297297297
22	2.81818181818182
14	2.57142857142857
13	2.15384615384615
25	2.76
37	3.24324324324324
24	2.83333333333333
33	2.75757575757576
10	1.7
5	1.2
15	2.13333333333333
6	1.16666666666667
37	2.56756756756757
21	2.57142857142857
29	4.62068965517241
36	2.77777777777778
15	2.73333333333333
22	1.81818181818182
13	2.07692307692308
16	1.6875
9	1.55555555555556
9	1.55555555555556
29	2.6551724137931
45	4.4
16	1.9375
26	2.80769230769231
29	2.20689655172414
17	2.11764705882353
15	1.66666666666667
16	1.625
23	3.21739130434783
67	5.2089552238806
44	3.09090909090909
26	2.30769230769231
18	1.94444444444444
10	2.8
10	1.5
47	2.95744680851064
13	1.84615384615385
6	2
51	3.23529411764706
17	2.05882352941176
18	2.94444444444444
22	2.18181818181818
14	1.85714285714286
18	2.16666666666667
28	2.28571428571429
16	2.75
25	2.6
22	1.72727272727273
14	2.14285714285714
19	1.94736842105263
31	2.29032258064516
24	2.5
8	1.875
31	2.87096774193548
30	2.33333333333333
21	2.14285714285714
12	1.83333333333333
21	3.85714285714286
26	3.38461538461538
26	2.53846153846154
10	1.4
19	2.47368421052632
14	1.57142857142857
9	1.55555555555556
28	2.35714285714286
23	2.47826086956522
33	3.03030303030303
31	2.45161290322581
42	2.16666666666667
10	1.6
11	1.81818181818182
30	1.93333333333333
20	1.85
5	1.4
9	1.44444444444444
13	2.23076923076923
23	2.34782608695652
26	2.80769230769231
27	3.2962962962963
38	2.23684210526316
14	1.71428571428571
19	2.10526315789474
15	1.73333333333333
10	1.8
18	1.94444444444444
18	4.22222222222222
19	2.26315789473684
41	2.53658536585366
23	2.65217391304348
5	1.2
5	1.4
16	1.9375
23	2.52173913043478
22	2.13636363636364
23	1.91304347826087
30	2.26666666666667
16	1.5625
13	2.07692307692308
14	1.85714285714286
23	1.78260869565217
31	2.61290322580645
41	3.24390243902439
28	3.78571428571429
6	1.5
37	2.91891891891892
43	2.69767441860465
32	2.90625
19	2.05263157894737
9	1.44444444444444
57	3
11	1.81818181818182
20	2
11	1.45454545454545
8	1.625
22	2.31818181818182
13	1.76923076923077
17	1.88235294117647
30	2.3
21	2.14285714285714
53	2.54716981132075
33	2.63636363636364
10	1.9
34	2.47058823529412
34	1.97058823529412
3	1
4	1.5
37	2.18918918918919
20	2.35
16	1.875
29	2.55172413793103
27	2.96296296296296
9	1.55555555555556
22	2.63636363636364
85	3.98823529411765
22	4.18181818181818
50	4.22
14	2.28571428571429
11	2.18181818181818
4	1.25
17	2
6	1.5
29	2.89655172413793
4	1
6	1.16666666666667
18	2.77777777777778
11	1.81818181818182
9	2.22222222222222
41	2.39024390243902
17	2.47058823529412
13	2.30769230769231
35	2.34285714285714
42	3.35714285714286
13	3.53846153846154
13	1.92307692307692
48	4.10416666666667
25	1.92
41	2.68292682926829
16	1.9375
23	3.08695652173913
13	2.07692307692308
22	1.86363636363636
10	1.9
22	2.77272727272727
28	2.78571428571429
20	2.45
30	3.13333333333333
19	2.36842105263158
24	2.29166666666667
25	3.12
14	2.35714285714286
7	1.71428571428571
18	2
24	1.875
17	2.94117647058824
53	2.92452830188679
53	2.56603773584906
34	2.73529411764706
61	2.73770491803279
23	2.08695652173913
32	3.875
22	4.04545454545455
17	2.29411764705882
13	2.53846153846154
44	4.59090909090909
25	2.24
19	2.15789473684211
21	2
21	1.85714285714286
26	2.30769230769231
14	2.21428571428571
19	2.84210526315789
12	1.75
13	1.84615384615385
20	2.2
8	1.5
26	2.34615384615385
36	2.16666666666667
18	1.77777777777778
22	2.09090909090909
23	1.8695652173913
16	2.125
41	2.02439024390244
17	2.05882352941176
45	3.33333333333333
26	1.84615384615385
20	2.35
23	2
14	1.78571428571429
15	1.4
29	2.51724137931034
20	2.5
31	2.38709677419355
28	2.78571428571429
19	2.31578947368421
32	2.25
35	2.4
22	1.86363636363636
32	3.3125
4	1.5
19	1.78947368421053
29	2.51724137931034
5	1.2
16	2.1875
79	3.50632911392405
42	2.28571428571429
27	4.25925925925926
9	2.22222222222222
11	1.90909090909091
20	2.7
33	3.03030303030303
81	3.60493827160494
30	3.86666666666667
26	1.73076923076923
26	2.15384615384615
27	2.48148148148148
35	2.65714285714286
15	1.8
17	2.11764705882353
18	2
59	3.22033898305085
29	2.82758620689655
10	1.4
34	3.41176470588235
11	2
26	2.5
22	2.27272727272727
13	2.53846153846154
18	2.83333333333333
19	1.68421052631579
10	2.6
19	2.52631578947368
58	3.18965517241379
13	2.76923076923077
21	2.57142857142857
12	2
15	1.93333333333333
24	1.95833333333333
30	3.2
55	3.29090909090909
9	1.44444444444444
14	2.14285714285714
29	2.62068965517241
14	1.78571428571429
49	3.24489795918367
21	2.42857142857143
14	1.85714285714286
38	2.89473684210526
8	1.625
11	2.36363636363636
22	2.68181818181818
12	1.91666666666667
22	1.95454545454545
5	2
29	2.72413793103448
47	2.78723404255319
20	2.05
44	2.52272727272727
16	2.4375
31	2.67741935483871
15	2.06666666666667
65	3.66153846153846
17	2.11764705882353
14	2
12	1.83333333333333
24	2.83333333333333
10	1.7
31	2.64516129032258
35	2.48571428571429
23	2.52173913043478
28	2.67857142857143
23	3.78260869565217
63	3.17460317460317
20	2.75
19	1.73684210526316
17	2
32	2.53125
37	3.08108108108108
15	2.13333333333333
13	2
23	2.91304347826087
20	2.15
17	2
21	2.80952380952381
5	1.2
23	2.47826086956522
45	2.77777777777778
13	1.76923076923077
6	1.83333333333333
17	2
18	2.27777777777778
20	2.35
56	2.85714285714286
11	1.72727272727273
14	2.07142857142857
9	1.66666666666667
29	2.41379310344828
18	1.88888888888889
41	4.75609756097561
19	2.10526315789474
25	1.92
20	3
40	2.4
28	2.42857142857143
71	3.26760563380282
28	2.78571428571429
21	2.52380952380952
24	2
21	2.85714285714286
17	1.94117647058824
33	2
31	2.29032258064516
23	2.1304347826087
11	1.54545454545455
15	2
10	1.4
10	1.4
26	2.07692307692308
17	3
17	1.82352941176471
5	1.6
13	2.53846153846154
17	1.29411764705882
17	2
15	2.2
17	1.88235294117647
5	1.2
12	2.25
34	2.70588235294118
5	1
26	2.53846153846154
18	1.94444444444444
10	1.6
25	2.24
7	1.71428571428571
28	2.64285714285714
31	2.19354838709677
3	1
3	1
17	2
15	2.13333333333333
38	2.47368421052632
24	2.33333333333333
31	2.80645161290323
30	2.73333333333333
17	2.23529411764706
29	2.24137931034483
24	2.16666666666667
28	3
35	2.74285714285714
24	2.20833333333333
55	3.52727272727273
17	2.23529411764706
30	2.93333333333333
24	2
23	2.69565217391304
21	2.47619047619048
4	1
25	2.16
21	2.61904761904762
20	2.6
10	2.7
13	2.23076923076923
17	2.05882352941176
20	2.15
32	3.53125
15	2.6
43	2.83720930232558
22	1.81818181818182
3	1
14	2.71428571428571
48	3.9375
46	4.10869565217391
22	3.40909090909091
82	2.95121951219512
19	1.84210526315789
37	2.62162162162162
14	2.07142857142857
31	2
11	1.90909090909091
47	2.87234042553191
16	1.6875
12	1.91666666666667
16	2
14	2
42	2.5
16	1.8125
27	2.25925925925926
18	2
14	1.71428571428571
14	1.64285714285714
14	1.85714285714286
41	3.51219512195122
13	1.61538461538462
29	2.55172413793103
29	2.62068965517241
8	1.5
31	4.64516129032258
12	1.91666666666667
11	1.81818181818182
23	3.17391304347826
10	1.5
17	1.47058823529412
32	2.84375
16	2
13	2.30769230769231
38	3.23684210526316
18	2.22222222222222
17	1.76470588235294
55	2.81818181818182
32	1.9375
51	3.01960784313725
51	4.41176470588235
17	2.76470588235294
19	1.94736842105263
23	2.1304347826087
19	3.15789473684211
33	2.45454545454545
36	2.33333333333333
12	2.08333333333333
16	1.875
9	1.33333333333333
3	0.666666666666667
21	2.14285714285714
16	2.25
21	1.95238095238095
3	0.666666666666667
95	3.66315789473684
33	2.36363636363636
19	2.15789473684211
75	3.54666666666667
36	2.55555555555556
36	3.25
27	2.51851851851852
12	2.16666666666667
9	2
28	2.71428571428571
39	2.76923076923077
15	2.8
14	1.92857142857143
18	1.83333333333333
23	2.43478260869565
20	2.35
12	1.75
23	2.65217391304348
18	1.94444444444444
24	2.20833333333333
51	2.6078431372549
63	3.01587301587302
22	4.59090909090909
37	2.67567567567568
9	1.88888888888889
59	2.89830508474576
13	2.23076923076923
22	2.54545454545455
10	1.8
21	2.23809523809524
24	2.33333333333333
42	2.83333333333333
27	3.48148148148148
33	2.24242424242424
33	2.66666666666667
23	2.65217391304348
25	2.2
8	1.75
11	1.36363636363636
25	2.32
22	2.5
11	1.72727272727273
12	1.5
29	2.62068965517241
14	2.64285714285714
24	2.04166666666667
20	2.1
8	1.5
33	2.45454545454545
11	1.72727272727273
78	4.80769230769231
15	1.93333333333333
10	1.4
16	1.75
20	2.45
24	2
28	2.21428571428571
35	2.65714285714286
9	1.77777777777778
22	2.81818181818182
6	1.16666666666667
32	3.59375
18	1.88888888888889
40	3.675
24	3.79166666666667
32	3.34375
12	2.08333333333333
7	1.85714285714286
9	1.77777777777778
23	2.56521739130435
15	2.2
4	1
26	2.07692307692308
33	2.93939393939394
16	1.5625
52	2.98076923076923
19	1.52631578947368
26	2.11538461538462
29	3.31034482758621
20	2.05
10	1.8
12	1.83333333333333
19	2.68421052631579
43	2.44186046511628
11	2.18181818181818
20	3.35
26	2.96153846153846
26	2.34615384615385
10	1.8
18	2.72222222222222
33	2.87878787878788
11	1.81818181818182
17	1.76470588235294
14	2
24	2.08333333333333
9	1.88888888888889
16	1.875
13	2
13	1.53846153846154
23	2.8695652173913
16	1.375
18	2
34	2.52941176470588
16	1.875
41	2.92682926829268
12	2.16666666666667
30	2.56666666666667
30	2.36666666666667
46	3.45652173913043
12	1.75
12	1.91666666666667
15	1.73333333333333
12	2.25
18	2.72222222222222
18	1.77777777777778
4	1
19	2.73684210526316
22	2.72727272727273
26	3.73076923076923
34	3.61764705882353
7	1.85714285714286
27	2.18518518518519
19	3.31578947368421
19	2.15789473684211
34	2.52941176470588
26	2.88461538461538
23	1.78260869565217
20	2.75
25	2.08
20	2.3
14	1.92857142857143
15	1.8
28	2.39285714285714
16	2.6875
37	3.67567567567568
12	1.58333333333333
3	1
13	2
17	1.94117647058824
37	3.32432432432432
35	3.28571428571429
34	3.20588235294118
12	2.16666666666667
25	2.84
11	2.09090909090909
9	1.55555555555556
45	2.44444444444444
17	2
16	1.875
6	1.16666666666667
28	2.10714285714286
49	3.24489795918367
10	1.5
23	1.95652173913043
17	1.82352941176471
22	1.86363636363636
10	2.3
11	2.09090909090909
13	1.76923076923077
39	2.28205128205128
12	1.66666666666667
40	2.6
14	2.92857142857143
21	2.76190476190476
15	1.8
17	2.29411764705882
14	1.92857142857143
19	2.57894736842105
13	2.38461538461538
27	2.55555555555556
28	2.71428571428571
31	3.93548387096774
11	2.09090909090909
25	2.88
15	2.6
10	1.9
28	2.53571428571429
33	2.93939393939394
31	2.03225806451613
34	2.26470588235294
11	1.81818181818182
34	3.02941176470588
27	2.33333333333333
16	2.0625
11	1.72727272727273
9	1.33333333333333
12	1.75
4	1
48	3.02083333333333
41	2.63414634146341
18	1.88888888888889
32	3.0625
26	2.38461538461538
16	2.6875
47	4.14893617021277
25	2.32
31	2.90322580645161
20	1.95
31	2.19354838709677
18	2.38888888888889
21	2.80952380952381
22	2.63636363636364
14	2.78571428571429
15	2.53333333333333
20	2.7
17	1.58823529411765
26	2.46153846153846
17	2
25	2.2
44	2.90909090909091
48	3.33333333333333
29	3.27586206896552
12	2.41666666666667
24	2.875
25	2.84
14	2.14285714285714
21	3.28571428571429
57	3.57894736842105
11	2.09090909090909
15	1.93333333333333
44	4.29545454545455
20	2.2
7	1.71428571428571
16	2.625
4	1
32	3.1875
6	1.33333333333333
18	2
8	1.75
24	3.58333333333333
41	2.14634146341463
15	1.93333333333333
24	2.25
25	2.56
25	2.48
22	2.86363636363636
22	1.95454545454545
28	2.10714285714286
19	2.21052631578947
25	2.8
7	1.85714285714286
3	0.666666666666667
45	2.82222222222222
31	2.80645161290323
34	3.35294117647059
47	2.95744680851064
37	3.83783783783784
21	2.0952380952381
20	1.7
14	2.14285714285714
58	2.94827586206897
15	2.6
34	2.32352941176471
22	2.40909090909091
28	3.64285714285714
13	1.46153846153846
26	2.34615384615385
5	1
21	2.04761904761905
11	1.63636363636364
9	2.11111111111111
20	2.7
30	3.23333333333333
29	3.24137931034483
21	2.80952380952381
25	1.84
8	1.75
15	2.13333333333333
11	2.18181818181818
22	2.09090909090909
38	2.52631578947368
20	2.35
35	2.74285714285714
31	2.61290322580645
36	2.86111111111111
15	1.86666666666667
11	2.54545454545455
15	2.06666666666667
34	3.32352941176471
23	2.52173913043478
23	2.95652173913043
20	2
32	3.25
44	2.86363636363636
43	4.09302325581395
28	3.25
56	2.80357142857143
46	3.5
33	3.24242424242424
21	2.04761904761905
21	2.19047619047619
20	2.3
7	1.42857142857143
46	3.08695652173913
13	2.30769230769231
29	3.58620689655172
9	1.55555555555556
40	3.15
10	1.7
24	2.75
18	1.83333333333333
13	1.69230769230769
21	3.38095238095238
22	2.36363636363636
31	2.67741935483871
33	2.87878787878788
6	1.5
17	2.29411764705882
21	2
14	1.92857142857143
19	2.57894736842105
36	3.22222222222222
21	2.23809523809524
13	2.38461538461538
47	3.68085106382979
25	1.96
18	2
16	3
45	4.2
20	2.2
13	2.92307692307692
16	2.1875
39	3.1025641025641
15	3.13333333333333
46	3.76086956521739
26	2.11538461538462
21	3.04761904761905
29	2.75862068965517
32	2.65625
28	1.92857142857143
7	1.42857142857143
23	2.43478260869565
33	3.45454545454545
28	3.14285714285714
6	1.83333333333333
11	2.36363636363636
8	1.5
48	3
13	1.53846153846154
31	2.51612903225806
32	2.1875
29	2.41379310344828
11	1.54545454545455
15	2.46666666666667
47	3.17021276595745
12	1.58333333333333
16	2.375
27	2.40740740740741
39	3.51282051282051
32	2.15625
16	2.0625
21	1.71428571428571
26	2.23076923076923
36	2.88888888888889
14	1.71428571428571
14	2.07142857142857
17	1.88235294117647
32	2.59375
34	2.97058823529412
15	2.8
23	2.47826086956522
16	1.9375
41	3.29268292682927
63	11.0793650793651
22	1.90909090909091
15	1.8
23	2.17391304347826
43	2.74418604651163
23	2
30	3.03333333333333
4	1
17	3.70588235294118
28	1.82142857142857
40	2.5
25	1.88
35	2.48571428571429
30	2.16666666666667
25	3.36
6	1.83333333333333
37	2.78378378378378
21	2.28571428571429
31	2.32258064516129
56	2.33928571428571
3	1
7	1.42857142857143
14	2.57142857142857
15	1.93333333333333
37	3.40540540540541
28	2.28571428571429
27	2.48148148148148
11	1.81818181818182
25	3.84
22	1.95454545454545
43	2.53488372093023
15	2.93333333333333
37	2.56756756756757
20	1.8
33	2.21212121212121
7	1.57142857142857
29	3.17241379310345
13	2.38461538461538
32	2.375
23	2.95652173913043
17	1.82352941176471
22	2.27272727272727
9	1.55555555555556
15	2.4
31	2.41935483870968
9	1.77777777777778
35	3.17142857142857
14	1.92857142857143
46	2.52173913043478
29	2.96551724137931
3	1
34	2.23529411764706
27	2.51851851851852
15	1.46666666666667
16	2.75
22	1.90909090909091
32	3.125
25	3.04
27	2.22222222222222
36	3.02777777777778
14	1.78571428571429
9	1.33333333333333
24	3.16666666666667
28	2.14285714285714
14	1.92857142857143
17	2.52941176470588
21	2
27	2.7037037037037
35	2.05714285714286
20	1.9
37	2.97297297297297
15	2.8
38	2.60526315789474
7	1.57142857142857
17	2.64705882352941
37	2.37837837837838
21	2.76190476190476
8	2.25
15	2.4
8	1.25
18	2.94444444444444
6	2.33333333333333
21	2.85714285714286
29	2.31034482758621
37	2.51351351351351
17	2.52941176470588
40	2.4
7	1.71428571428571
12	1.5
19	2.63157894736842
24	2.16666666666667
25	2.36
43	3.6046511627907
37	2.89189189189189
43	2.62790697674419
17	2.29411764705882
6	1.16666666666667
22	2.27272727272727
33	3.06060606060606
9	2.11111111111111
4	1
18	2.66666666666667
16	2.5
27	2.40740740740741
22	2.68181818181818
30	4.2
11	2.45454545454545
7	1.28571428571429
32	2.0625
10	2.1
7	1.42857142857143
12	1.5
21	2.33333333333333
21	2.0952380952381
20	2.15
12	1.66666666666667
8	1.75
20	1.85
31	2.90322580645161
21	2.85714285714286
16	1.8125
42	3.9047619047619
5	2
26	2.30769230769231
15	2.33333333333333
21	3.38095238095238
25	2.16
21	2.04761904761905
30	2.96666666666667
28	2.39285714285714
19	2.21052631578947
8	1.625
41	2.65853658536585
6	1.16666666666667
4	1
25	2.36
28	2.82142857142857
33	3.45454545454545
25	2.2
12	1.41666666666667
24	2.20833333333333
21	2.23809523809524
22	2.22727272727273
26	3.92307692307692
36	2.52777777777778
10	2.3
10	1.8
23	2.56521739130435
29	2.72413793103448
17	1.47058823529412
16	2.125
21	2.95238095238095
9	1.55555555555556
23	2.47826086956522
20	3.55
7	1.28571428571429
32	2.28125
19	2
20	1.85
30	2.73333333333333
10	1.6
32	2.84375
35	2.97142857142857
8	1.375
28	2.82142857142857
16	2.0625
10	1.5
7	1.71428571428571
5	1.2
55	2.94545454545455
36	2.77777777777778
38	2.68421052631579
24	2.16666666666667
28	3.78571428571429
29	2.55172413793103
14	2.71428571428571
10	1.8
13	2.23076923076923
20	2.2
4	1.5
20	1.9
17	1.94117647058824
6	1.33333333333333
29	1.86206896551724
30	2.7
30	2.23333333333333
10	1.9
15	2.4
11	1.36363636363636
17	2.94117647058824
16	2
4	1.5
7	2.14285714285714
18	2.11111111111111
7	1.57142857142857
13	2.23076923076923
9	1.55555555555556
25	2.76
11	1.45454545454545
42	2.5952380952381
32	3.34375
13	1.92307692307692
32	3.0625
8	1.875
20	1.8
52	2.78846153846154
24	2.375
38	3.31578947368421
19	1.84210526315789
16	1.5625
28	2.28571428571429
19	2.36842105263158
7	1.28571428571429
11	2.18181818181818
3	1
17	3.58823529411765
33	2.39393939393939
10	1.6
8	1.25
10	1.7
19	1.78947368421053
17	2.52941176470588
5	1.2
40	3.025
11	2.27272727272727
7	2.14285714285714
22	1.77272727272727
14	2.5
29	2.51724137931034
16	2.125
14	2
38	2.47368421052632
34	3.05882352941176
27	2.18518518518519
10	2.4
13	1.76923076923077
62	2.79032258064516
12	2
37	3.51351351351351
28	2.92857142857143
7	1.42857142857143
15	2.53333333333333
9	1.55555555555556
35	2.22857142857143
6	1.16666666666667
17	2.23529411764706
13	2.38461538461538
46	2.39130434782609
10	1.9
65	3.06153846153846
39	2.35897435897436
22	2.40909090909091
22	2.22727272727273
11	2.36363636363636
21	3.19047619047619
21	2
40	2.425
34	2.82352941176471
44	3.15909090909091
8	1.625
25	2.4
36	2.52777777777778
20	2.2
13	2.30769230769231
25	2.04
24	1.79166666666667
43	2.95348837209302
25	2.12
9	1.88888888888889
23	2.47826086956522
19	2.31578947368421
8	1.75
37	2.32432432432432
20	3.4
18	2.05555555555556
16	1.8125
25	2.32
15	2.53333333333333
7	1.71428571428571
32	2.375
17	2.11764705882353
42	3.4047619047619
35	2.28571428571429
21	2.23809523809524
21	2.57142857142857
7	1.28571428571429
33	3
21	2.19047619047619
20	2.15
47	3.08510638297872
5	1.4
40	2.525
26	2.5
29	2.27586206896552
7	1.71428571428571
23	2.60869565217391
18	2.05555555555556
59	3
51	4.07843137254902
27	2.59259259259259
22	2.18181818181818
19	2.73684210526316
20	2.1
21	1.95238095238095
14	2.35714285714286
35	3
9	1.44444444444444
6	1.66666666666667
22	2.18181818181818
16	1.5625
40	3.075
35	4.17142857142857
34	2.05882352941176
34	2.5
12	1.83333333333333
31	3.61290322580645
18	2.16666666666667
23	2.34782608695652
23	3.34782608695652
11	1.54545454545455
12	1.5
46	3.3695652173913
37	2.18918918918919
31	2.90322580645161
15	2.4
12	1.58333333333333
22	2.81818181818182
27	2.40740740740741
30	2.46666666666667
19	2.05263157894737
6	1.5
27	2.18518518518519
18	1.83333333333333
14	2.14285714285714
40	2.6
10	2.1
45	3.04444444444444
36	2.94444444444444
30	2.7
30	3.06666666666667
27	2.22222222222222
9	1.55555555555556
15	2.13333333333333
8	1.5
29	2.96551724137931
41	2.63414634146341
19	2.31578947368421
25	2.12
25	2.8
9	1.66666666666667
10	1.7
16	3.5
36	3.22222222222222
54	2.27777777777778
21	2.95238095238095
8	1.625
18	2.16666666666667
16	2
27	2.18518518518519
15	1.93333333333333
14	1.78571428571429
9	1.44444444444444
3	1
56	3.33928571428571
26	2.38461538461538
14	1.64285714285714
20	2.05
61	2.73770491803279
20	2.6
25	2.92
26	3.11538461538462
31	2.12903225806452
27	2.2962962962963
27	2.33333333333333
7	1.71428571428571
30	1.9
5	2
17	2.29411764705882
43	3.3953488372093
30	2.9
5	1.2
16	2
9	1.66666666666667
14	1.78571428571429
46	3.19565217391304
9	1.44444444444444
17	2.11764705882353
36	3.08333333333333
18	2.05555555555556
12	1.75
25	3.2
12	1.5
32	3.03125
35	3.2
24	2.66666666666667
23	2.34782608695652
18	1.77777777777778
39	3.25641025641026
36	3.77777777777778
29	2.3448275862069
18	2.16666666666667
12	1.75
30	2.33333333333333
20	2.3
10	1.5
15	2.06666666666667
45	4.86666666666667
10	1.9
20	2.25
19	2.10526315789474
34	2.17647058823529
41	3.09756097560976
29	2.86206896551724
34	2.55882352941176
30	2.96666666666667
17	2.47058823529412
36	2.75
26	4.30769230769231
22	2.13636363636364
21	2.71428571428571
18	2.55555555555556
16	2.4375
15	1.73333333333333
26	2.34615384615385
16	1.875
29	3.06896551724138
37	2.35135135135135
29	2.82758620689655
21	2.28571428571429
12	2.25
30	2.1
20	2.8
28	2.39285714285714
14	1.57142857142857
34	2.85294117647059
5	1.4
9	1.88888888888889
30	2.6
42	3.11904761904762
9	1.66666666666667
40	2.5
32	2.25
39	2.87179487179487
35	2.57142857142857
22	2.5
35	2.77142857142857
14	2.07142857142857
19	2.26315789473684
7	1.71428571428571
10	1.6
31	2.58064516129032
14	2.35714285714286
19	1.78947368421053
15	1.8
24	2.79166666666667
29	1.82758620689655
23	3.47826086956522
37	3.43243243243243
21	1.95238095238095
38	3.47368421052632
6	1.16666666666667
41	3.46341463414634
34	2.41176470588235
21	2.33333333333333
35	2.28571428571429
38	2.81578947368421
17	2.47058823529412
42	2.88095238095238
23	2.1304347826087
12	2
24	2.375
11	1.72727272727273
25	2.52
42	3.07142857142857
13	3.07692307692308
30	4.66666666666667
32	3.6875
24	1.70833333333333
25	2.92
4	1
26	2.15384615384615
17	2
7	1.42857142857143
37	2.62162162162162
44	2.61363636363636
13	2.23076923076923
33	2.87878787878788
21	1.85714285714286
7	1.28571428571429
29	1.89655172413793
25	2.08
19	2.42105263157895
13	2.15384615384615
25	2.12
18	1.83333333333333
14	2.42857142857143
16	2
17	1.94117647058824
21	2.23809523809524
19	1.73684210526316
7	1.28571428571429
22	2.13636363636364
26	2.38461538461538
17	2.88235294117647
26	2.11538461538462
9	1.66666666666667
16	2.25
33	2.75757575757576
17	2.41176470588235
6	1
30	2.83333333333333
11	1.81818181818182
34	2.73529411764706
15	1.93333333333333
19	1.78947368421053
24	2.54166666666667
25	2.76
28	2.78571428571429
21	1.95238095238095
20	2.35
21	2
8	1.875
21	2.04761904761905
43	2.51162790697674
23	2.04347826086957
15	1.86666666666667
20	2.55
43	2.34883720930233
5	1.2
29	2.6551724137931
11	2.18181818181818
13	2
47	2.31914893617021
14	2.07142857142857
34	3.20588235294118
47	4.14893617021277
24	3.41666666666667
27	2.40740740740741
13	2
43	2.48837209302326
4	0.75
3	1
25	2.4
13	1.69230769230769
33	3.27272727272727
15	1.93333333333333
16	1.4375
10	1.7
13	1.92307692307692
16	2.4375
21	2.33333333333333
10	1.9
6	1.5
3	0.666666666666667
8	1.875
16	2.625
4	1
13	1.84615384615385
5	1.4
18	2.72222222222222
60	2.76666666666667
13	1.84615384615385
12	1.75
9	1.33333333333333
41	2.8780487804878
8	1.5
17	2.76470588235294
32	3.65625
18	2.22222222222222
28	2.5
10	1.3
19	2.10526315789474
6	1.5
28	2.5
9	1.66666666666667
42	2.47619047619048
27	2.33333333333333
12	2.41666666666667
14	2.64285714285714
39	4
22	3.04545454545455
44	3.09090909090909
14	2.21428571428571
48	3.70833333333333
25	2.76
21	2.57142857142857
12	2.66666666666667
27	1.85185185185185
9	1.33333333333333
24	2.5
39	4.53846153846154
19	2.47368421052632
30	3.2
11	1.63636363636364
29	3.89655172413793
32	2.3125
21	2
11	1.54545454545455
20	2.4
15	2.86666666666667
22	2.13636363636364
13	3.53846153846154
13	3.38461538461538
14	1.85714285714286
3	1
30	3
19	1.94736842105263
27	2.33333333333333
20	1.9
24	2.5
16	2.125
13	2.07692307692308
8	1.5
17	2.29411764705882
47	2.04255319148936
3	1
29	2.62068965517241
21	2.23809523809524
4	1
23	1.65217391304348
25	2.48
16	1.6875
10	2.1
20	2.3
4	1
14	1.85714285714286
11	2.27272727272727
9	2.22222222222222
39	2.76923076923077
17	2.76470588235294
9	2
78	3
34	2.23529411764706
19	2.52631578947368
15	1.6
29	2.03448275862069
30	2.76666666666667
45	2.68888888888889
28	2.71428571428571
32	2.9375
17	2.88235294117647
16	1.375
33	2.60606060606061
26	2.42307692307692
32	2.71875
49	3.36734693877551
6	1.5
11	2.81818181818182
3	1
54	3.66666666666667
30	2.13333333333333
21	3.19047619047619
18	2
33	3.48484848484848
13	1.61538461538462
30	2.93333333333333
25	3.28
11	1.45454545454545
23	3.08695652173913
18	1.94444444444444
22	3.36363636363636
31	2.38709677419355
12	2.75
4	1.5
20	3.05
25	3.08
10	2.5
15	2.2
46	3.3695652173913
56	3.30357142857143
16	1.875
20	2.4
29	2.37931034482759
4	1
6	1.33333333333333
10	1.9
35	4
27	2.33333333333333
5	1.4
39	2.61538461538462
32	2.4375
18	1.88888888888889
25	2.4
38	3.10526315789474
34	2.73529411764706
34	2.17647058823529
38	2.07894736842105
32	2.46875
21	2.57142857142857
14	1.71428571428571
20	2.05
17	1.64705882352941
16	3
8	1.75
24	2.95833333333333
28	3.14285714285714
15	2.2
10	2.1
10	1.5
18	2.38888888888889
33	3.09090909090909
12	2.25
13	1.61538461538462
20	2.15
13	1.38461538461538
15	2.4
12	2.25
25	2.2
10	1.6
24	2.54166666666667
20	2.4
28	2.42857142857143
5	1.6
16	1.8125
17	2.23529411764706
19	2.68421052631579
10	1.7
62	5.85483870967742
30	2.43333333333333
7	1.42857142857143
12	2
20	2.15
48	2.64583333333333
37	2.40540540540541
36	2.75
33	2.45454545454545
52	2.67307692307692
26	2.46153846153846
14	1.5
12	2.33333333333333
33	2.51515151515152
14	3.07142857142857
10	1.5
37	2.2972972972973
16	2.1875
12	1.83333333333333
29	2.72413793103448
30	3.33333333333333
13	1.92307692307692
16	3.375
47	2.4468085106383
22	2.59090909090909
45	3.13333333333333
36	2.69444444444444
10	1.6
9	1.88888888888889
14	2.14285714285714
11	1.72727272727273
17	1.58823529411765
14	2.14285714285714
14	1.64285714285714
20	3.85
81	4.17283950617284
27	2.48148148148148
27	2.77777777777778
19	2.78947368421053
7	1.42857142857143
24	2.125
20	2
15	1.86666666666667
39	3.97435897435897
7	1.14285714285714
40	3.425
21	2.04761904761905
28	2.25
18	2.94444444444444
36	3.5
41	3.31707317073171
22	3
40	2.625
52	2.40384615384615
35	2.62857142857143
15	1.86666666666667
11	1.36363636363636
50	3.04
43	2.88372093023256
19	1.73684210526316
18	2.38888888888889
26	3
57	2.94736842105263
18	1.61111111111111
11	2.18181818181818
15	2.8
18	2.22222222222222
20	1.8
22	2.22727272727273
35	2.4
4	1.5
28	2.46428571428571
9	1.66666666666667
18	2.11111111111111
13	2
28	4.07142857142857
16	2.1875
19	2.26315789473684
21	2.76190476190476
14	2.35714285714286
25	3.12
22	1.77272727272727
35	2.82857142857143
27	2.22222222222222
39	2.33333333333333
18	2.11111111111111
13	2.76923076923077
24	2.75
11	1.81818181818182
41	2.39024390243902
44	2.34090909090909
14	2.71428571428571
13	2
15	2.13333333333333
26	2.80769230769231
10	1.7
17	2.70588235294118
18	2.77777777777778
30	2.76666666666667
11	1.72727272727273
8	1.5
32	3.09375
50	2.58
17	2
27	3.37037037037037
29	2.41379310344828
26	3.61538461538462
13	1.76923076923077
34	3.26470588235294
42	2.5952380952381
9	1.33333333333333
9	1.55555555555556
19	1.73684210526316
27	2.55555555555556
26	2.38461538461538
28	2.42857142857143
47	2.42553191489362
31	4.09677419354839
5	1.2
17	2.11764705882353
8	1.375
26	2.38461538461538
18	2.94444444444444
33	2.6969696969697
13	1.76923076923077
9	1.22222222222222
14	1.85714285714286
25	2.92
24	2.16666666666667
12	1.58333333333333
12	1.66666666666667
20	2.3
14	2
8	2
32	2.5625
14	1.92857142857143
13	2.84615384615385
27	3.22222222222222
38	2.39473684210526
38	2.31578947368421
18	3.33333333333333
32	3
14	1.78571428571429
50	4.1
35	3.51428571428571
37	2.05405405405405
25	3.16
24	1.91666666666667
16	2.5625
5	1.2
27	2.66666666666667
34	2.88235294117647
20	3.05
27	2.2962962962963
37	2.7027027027027
14	1.78571428571429
7	1.57142857142857
41	2.39024390243902
32	3.28125
12	1.83333333333333
7	1.42857142857143
6	1.5
8	1.25
15	2
38	3.05263157894737
32	2.6875
21	1.80952380952381
19	3.26315789473684
34	2.55882352941176
20	2.3
11	2.09090909090909
43	2.53488372093023
30	2.6
21	1.95238095238095
24	2.75
15	2.53333333333333
11	2
11	2.36363636363636
34	3.32352941176471
18	1.88888888888889
26	2.07692307692308
10	2.5
12	1.58333333333333
21	2.28571428571429
11	1.45454545454545
9	1.55555555555556
33	2.57575757575758
17	2.88235294117647
26	1.84615384615385
18	1.77777777777778
10	2
20	2.2
15	2.06666666666667
13	2.07692307692308
7	1.14285714285714
30	2.3
65	2.96923076923077
12	1.83333333333333
7	2.42857142857143
19	2.42105263157895
10	1.9
4	1
18	2
11	2.45454545454545
44	3.38636363636364
39	3.38461538461538
19	2.10526315789474
14	2.28571428571429
17	1.88235294117647
12	1.91666666666667
15	1.6
25	2.16
36	2.97222222222222
18	1.94444444444444
22	2
43	6.16279069767442
32	2.84375
12	2.33333333333333
18	3.27777777777778
23	2.43478260869565
39	2.97435897435897
31	2.09677419354839
32	3.1875
25	2.16
19	2
20	2.25
17	1.88235294117647
15	1.73333333333333
23	2.47826086956522
14	2.28571428571429
18	3.05555555555556
12	1.58333333333333
13	1.69230769230769
12	2.5
25	1.96
9	2
27	2.62962962962963
33	3.96969696969697
33	2.36363636363636
13	1.69230769230769
48	4.0625
35	2.34285714285714
3	1
9	1.55555555555556
5	1.2
26	3.26923076923077
13	1.92307692307692
19	1.89473684210526
30	3.2
37	3.62162162162162
20	3.85
28	2.82142857142857
4	1.5
43	2.88372093023256
29	2.51724137931034
19	2.57894736842105
8	2.25
38	3.05263157894737
35	2.62857142857143
9	2
25	2.96
21	2.23809523809524
35	2.71428571428571
15	1.8
19	1.84210526315789
37	2.16216216216216
20	2.5
26	2.26923076923077
15	1.86666666666667
25	2.56
9	2.33333333333333
24	3.83333333333333
13	2.07692307692308
52	2.78846153846154
14	2.28571428571429
20	2.25
27	2.07407407407407
10	1.8
45	2.66666666666667
43	3.67441860465116
8	1.625
44	2.31818181818182
46	3.43478260869565
17	2.17647058823529
14	1.92857142857143
17	1.82352941176471
54	3.5
15	1.73333333333333
10	1.5
10	1.7
12	1.58333333333333
35	2
28	3.17857142857143
10	2.3
26	1.84615384615385
33	2.24242424242424
3	1
5	1.4
53	3.28301886792453
4	1.25
31	2.48387096774194
18	2
49	2.51020408163265
17	1.52941176470588
28	2.60714285714286
17	2.35294117647059
19	2.21052631578947
17	1.52941176470588
10	1.7
20	1.75
30	2.9
20	2.2
15	2.2
16	1.75
21	2.42857142857143
36	2.63888888888889
38	2.18421052631579
12	1.5
23	2.21739130434783
9	2
8	1.25
23	1.78260869565217
21	2.33333333333333
27	1.88888888888889
36	2.91666666666667
34	3.58823529411765
21	2.95238095238095
31	2.12903225806452
24	3.5
18	2.5
20	2.45
8	1.5
26	3.26923076923077
19	2.05263157894737
6	1.16666666666667
13	1.61538461538462
21	2.38095238095238
17	2.29411764705882
26	2.84615384615385
13	1.61538461538462
7	1.28571428571429
9	2
9	1.66666666666667
16	2.125
11	1.72727272727273
9	1.66666666666667
12	1.75
6	1.5
14	2.14285714285714
55	3.23636363636364
25	2.24
12	2.41666666666667
20	2.5
36	3.83333333333333
38	2.47368421052632
20	2
34	2.70588235294118
28	2.89285714285714
10	1.6
13	1.61538461538462
5	1
18	2.5
17	2.05882352941176
14	2.07142857142857
21	1.71428571428571
35	2.02857142857143
39	2.66666666666667
10	1.8
27	2.37037037037037
15	1.8
42	2.57142857142857
27	3.7037037037037
35	2.37142857142857
35	3.17142857142857
18	2.88888888888889
27	2.11111111111111
22	2.31818181818182
14	1.92857142857143
13	2.07692307692308
28	2.25
11	1.72727272727273
4	1.5
26	2.92307692307692
41	2.5609756097561
22	3.18181818181818
24	3.04166666666667
20	2.4
21	1.9047619047619
24	2.20833333333333
11	1.81818181818182
9	1.88888888888889
13	1.53846153846154
8	1.75
9	1.55555555555556
7	1.85714285714286
31	2.45161290322581
23	2.91304347826087
15	2.33333333333333
23	2.47826086956522
19	2
17	1.94117647058824
31	2.2258064516129
36	3.55555555555556
72	3.41666666666667
16	1.75
16	1.875
34	3
22	2.59090909090909
18	3
15	1.8
22	2.40909090909091
26	2.53846153846154
36	3.22222222222222
13	2
38	2.71052631578947
22	2.27272727272727
13	2.61538461538462
27	2.44444444444444
34	2.73529411764706
52	2.42307692307692
13	1.69230769230769
6	1.16666666666667
22	2.77272727272727
15	2.4
38	2.31578947368421
25	2.44
12	3.08333333333333
66	3.53030303030303
19	2.42105263157895
7	1.28571428571429
14	2.28571428571429
29	2.03448275862069
19	1.78947368421053
53	2.50943396226415
4	1
43	3.3953488372093
6	1.33333333333333
54	3.14814814814815
5	1.2
23	2.1304347826087
20	2.15
15	2.13333333333333
23	2.65217391304348
16	1.9375
34	2.5
31	2.83870967741935
16	2.1875
25	2.24
38	2.76315789473684
4	1
31	2.41935483870968
23	3.08695652173913
6	1.5
47	4.06382978723404
11	1.54545454545455
28	3.5
5	1.2
3	0.666666666666667
21	2.23809523809524
19	2.15789473684211
18	2.38888888888889
23	3.04347826086957
39	2.15384615384615
24	2.04166666666667
6	1.83333333333333
17	2.88235294117647
24	3.66666666666667
30	2.13333333333333
11	1.63636363636364
7	1.85714285714286
3	0.666666666666667
15	2.13333333333333
29	2.86206896551724
4	1
24	2.16666666666667
32	2.78125
31	3.03225806451613
28	2.35714285714286
22	1.54545454545455
54	2.7037037037037
12	2.16666666666667
80	2.9375
57	2.43859649122807
39	2.71794871794872
24	2.08333333333333
8	1.5
23	2.08695652173913
37	3.75675675675676
16	2.125
29	2.48275862068966
14	1.64285714285714
15	2.2
13	1.84615384615385
21	2.33333333333333
14	1.85714285714286
11	1.72727272727273
22	2.77272727272727
31	2.87096774193548
14	2.28571428571429
24	2.41666666666667
31	2.58064516129032
3	1
23	2.26086956521739
16	1.5
14	2.21428571428571
13	1.76923076923077
24	2.79166666666667
6	1.5
9	1.55555555555556
19	2.78947368421053
29	3.89655172413793
28	3.07142857142857
14	1.85714285714286
34	2.20588235294118
31	2.7741935483871
38	3.02631578947368
21	2.38095238095238
27	2.14814814814815
9	2.22222222222222
23	2.08695652173913
35	3.17142857142857
16	1.9375
9	2.11111111111111
27	2.14814814814815
5	1.2
12	1.66666666666667
23	1.82608695652174
18	2.83333333333333
22	2.31818181818182
57	2.54385964912281
7	1.28571428571429
13	1.53846153846154
33	2.24242424242424
9	1.66666666666667
19	2.42105263157895
14	2.28571428571429
12	1.66666666666667
14	1.57142857142857
31	2.64516129032258
32	2.8125
32	2.125
32	2.84375
44	2.79545454545455
3	1
35	3.05714285714286
15	1.73333333333333
41	2.82926829268293
15	1.73333333333333
47	2.51063829787234
22	3.04545454545455
11	2
6	1.33333333333333
25	2
21	2.0952380952381
28	3.10714285714286
38	3.21052631578947
23	2.43478260869565
10	1.9
26	2.46153846153846
12	1.83333333333333
8	2.375
50	2.52
24	1.875
5	1.2
21	2.28571428571429
16	2.375
6	1.33333333333333
41	3.31707317073171
11	1.63636363636364
31	3.48387096774194
18	2.27777777777778
20	2.75
51	2.47058823529412
16	1.9375
44	2.81818181818182
27	2.81481481481481
26	3
26	2.26923076923077
7	1.42857142857143
37	2.48648648648649
7	1.28571428571429
13	2.38461538461538
42	3.42857142857143
15	3.33333333333333
26	2.80769230769231
3	1
24	2.625
17	3.94117647058824
15	1.66666666666667
15	1.86666666666667
11	1.81818181818182
21	2.42857142857143
21	2.19047619047619
42	2.71428571428571
29	3.41379310344828
24	2
26	2.34615384615385
9	1.55555555555556
18	1.55555555555556
29	2.68965517241379
17	2.05882352941176
13	1.76923076923077
18	2.61111111111111
32	3.53125
29	2.89655172413793
13	1.53846153846154
54	2.33333333333333
26	2.26923076923077
20	2.7
8	1.75
8	1.875
17	1.82352941176471
13	1.84615384615385
11	1.63636363636364
24	2.95833333333333
7	1.28571428571429
12	1.75
34	2.26470588235294
30	2
18	2.5
60	3
33	3.03030303030303
35	2.85714285714286
21	2.47619047619048
24	3.25
23	2.34782608695652
19	2.15789473684211
15	3.13333333333333
25	2.72
6	1.83333333333333
14	1.71428571428571
13	1.69230769230769
7	1.85714285714286
8	1.25
26	2.5
7	1.28571428571429
74	7.81081081081081
35	2.71428571428571
50	3.02
21	2.23809523809524
18	1.88888888888889
32	2.5
14	2.5
25	2.72
39	2.56410256410256
14	1.92857142857143
9	1.77777777777778
12	2
15	2.13333333333333
22	2.54545454545455
25	1.72
29	2.62068965517241
42	2.61904761904762
35	2.28571428571429
6	1.33333333333333
26	2.07692307692308
13	1.84615384615385
6	1.33333333333333
21	2.0952380952381
12	2.08333333333333
10	1.5
10	1.7
20	2.2
33	2.81818181818182
46	2.45652173913043
23	3.04347826086957
11	2.18181818181818
31	3.67741935483871
13	2.38461538461538
15	1.93333333333333
12	2.08333333333333
34	1.91176470588235
4	1
23	2.43478260869565
22	2.40909090909091
18	3.16666666666667
13	1.69230769230769
4	1
27	1.92592592592593
55	5.03636363636364
16	1.875
15	1.6
6	1.83333333333333
18	2.94444444444444
18	2.44444444444444
24	1.79166666666667
16	2.1875
15	3.13333333333333
33	2.6969696969697
4	1
19	2.84210526315789
9	1.77777777777778
41	2.63414634146341
11	2.81818181818182
65	3.18461538461538
22	2.45454545454545
31	2.64516129032258
19	2.26315789473684
17	2.17647058823529
20	2.35
16	1.9375
15	1.86666666666667
61	3.90163934426229
47	3.93617021276596
18	2.94444444444444
34	2.58823529411765
30	2.26666666666667
6	1.16666666666667
21	2.57142857142857
7	1.14285714285714
14	1.5
12	1.66666666666667
21	2.61904761904762
15	1.86666666666667
24	1.91666666666667
13	1.92307692307692
19	2.15789473684211
23	1.95652173913043
9	1.66666666666667
21	1.80952380952381
15	2.2
28	2.42857142857143
33	2.33333333333333
16	2
21	2.38095238095238
50	2.32
15	2.2
27	2.37037037037037
9	1.44444444444444
19	2.10526315789474
41	2.80487804878049
20	2.1
10	2.3
9	1.44444444444444
23	2.04347826086957
13	1.76923076923077
14	2
28	2.28571428571429
16	2.625
42	2.47619047619048
41	2.8780487804878
6	1.33333333333333
16	1.9375
25	2.08
22	2.54545454545455
6	1.33333333333333
10	1.4
30	2.36666666666667
8	2.25
10	1.8
24	3.25
52	5.48076923076923
23	2.65217391304348
25	2.12
15	2.53333333333333
15	1.46666666666667
31	2.87096774193548
11	1.45454545454545
13	1.61538461538462
30	2.06666666666667
32	2.75
6	1
10	2.9
29	3.20689655172414
5	1.2
23	3.39130434782609
13	2.23076923076923
34	2.32352941176471
29	1.96551724137931
29	2.51724137931034
35	2.94285714285714
38	2.65789473684211
29	2.31034482758621
17	1.88235294117647
19	2.42105263157895
22	2.22727272727273
5	1.2
9	1.88888888888889
17	1.76470588235294
20	1.95
33	2.72727272727273
18	2.44444444444444
53	3.0188679245283
82	3.64634146341463
47	3
29	2.27586206896552
9	1.33333333333333
22	2.22727272727273
15	2.13333333333333
53	2.73584905660377
38	2.57894736842105
33	2.57575757575758
30	2.6
22	2.72727272727273
16	1.8125
17	2.29411764705882
22	2.04545454545455
61	2.67213114754098
5	1.4
36	2.5
26	3
24	3.83333333333333
31	3.38709677419355
29	2.86206896551724
29	2.58620689655172
19	2.15789473684211
37	2.32432432432432
8	1.375
22	1.95454545454545
28	2.07142857142857
16	2.5
27	2.59259259259259
10	2.2
43	3.48837209302326
12	1.58333333333333
13	2.61538461538462
63	2.55555555555556
27	1.81481481481481
27	2.55555555555556
25	2.16
6	1.5
8	1.5
14	1.71428571428571
32	2.46875
26	2.30769230769231
10	1.3
54	3.33333333333333
34	2.94117647058824
17	3.11764705882353
11	2
12	1.66666666666667
31	2.41935483870968
46	3.73913043478261
24	2.29166666666667
15	2.66666666666667
43	2.13953488372093
10	1.6
20	1.9
53	3.20754716981132
4	1.25
26	2.26923076923077
10	1.6
24	1.95833333333333
16	1.9375
17	1.70588235294118
19	2
24	2
15	2.86666666666667
11	2.63636363636364
27	3.07407407407407
9	1.88888888888889
13	1.92307692307692
9	1.33333333333333
14	2.21428571428571
13	2.30769230769231
28	2.85714285714286
11	2
22	1.72727272727273
19	3.15789473684211
47	3.25531914893617
17	2
32	2.21875
12	1.5
37	2.97297297297297
34	2.79411764705882
27	2.7037037037037
21	2.57142857142857
14	1.85714285714286
11	1.63636363636364
7	1.28571428571429
17	2.35294117647059
26	3.69230769230769
13	2
23	2.56521739130435
8	1.375
48	2.6875
36	2.97222222222222
29	2.89655172413793
11	1.45454545454545
24	3.125
7	1.57142857142857
16	1.8125
10	1.8
16	1.875
13	1.61538461538462
7	1.42857142857143
21	2.61904761904762
42	2.73809523809524
11	1.63636363636364
22	2.27272727272727
34	3.35294117647059
4	1.5
5	2
19	1.89473684210526
24	2.5
29	2.10344827586207
10	1.6
14	2.42857142857143
26	2.92307692307692
37	3.45945945945946
21	2.28571428571429
34	3.35294117647059
22	2.36363636363636
27	2.55555555555556
32	2.8125
26	2.15384615384615
9	1.88888888888889
28	2.64285714285714
11	1.72727272727273
28	2.25
8	1.75
11	2
17	2.41176470588235
25	2.48
16	2.25
7	1.42857142857143
21	2.57142857142857
11	2.72727272727273
3	0.666666666666667
8	1.625
17	1.76470588235294
17	2.11764705882353
3	1
11	1.63636363636364
45	5.2
30	2.56666666666667
23	2.30434782608696
4	1.5
23	1.82608695652174
17	2
22	2.5
3	1
16	2
18	1.94444444444444
6	1.33333333333333
43	2.7906976744186
7	1.57142857142857
9	1.55555555555556
34	5.02941176470588
22	1.72727272727273
29	2.6551724137931
20	1.95
73	2.83561643835616
31	3.80645161290323
51	3.58823529411765
12	1.66666666666667
30	2.36666666666667
23	2
54	3.11111111111111
18	2.38888888888889
23	3.56521739130435
40	1.825
39	2.46153846153846
23	2.43478260869565
32	3.5
20	2.7
20	1.95
28	2.67857142857143
30	1.96666666666667
29	2.17241379310345
28	2.35714285714286
43	2.76744186046512
3	0.666666666666667
34	4.14705882352941
31	2.74193548387097
26	2.76923076923077
48	2.97916666666667
3	1
6	1.83333333333333
10	1.9
21	3.71428571428571
12	1.83333333333333
25	2.76
13	1.76923076923077
28	3.14285714285714
9	1.77777777777778
15	2.2
14	1.64285714285714
22	2.54545454545455
28	2.46428571428571
36	2.08333333333333
35	2.45714285714286
23	1.8695652173913
4	1
27	2.77777777777778
12	2.16666666666667
12	1.41666666666667
34	2.61764705882353
35	2.34285714285714
25	2.2
29	2.41379310344828
12	1.91666666666667
8	2
19	1.94736842105263
22	1.86363636363636
18	1.94444444444444
52	3.17307692307692
30	2.3
38	2.5
27	2.14814814814815
56	3.42857142857143
28	2.07142857142857
35	2.11428571428571
53	2.92452830188679
63	5.20634920634921
23	3.08695652173913
8	1.375
9	1.33333333333333
3	1
29	2.62068965517241
19	1.73684210526316
41	2.95121951219512
27	3.03703703703704
8	1.25
13	2.07692307692308
8	3.375
12	1.75
27	2.66666666666667
12	2
7	1.14285714285714
4	1.25
36	3.63888888888889
13	1.92307692307692
22	2.22727272727273
22	2.27272727272727
24	2.375
31	2.7741935483871
12	1.75
44	3.20454545454545
34	3.38235294117647
24	2.75
26	2.26923076923077
15	2.4
10	1.9
50	2.34
5	1
13	2.38461538461538
19	2.21052631578947
46	2.91304347826087
49	2.81632653061224
25	2.88
36	2.66666666666667
20	1.9
20	2.15
16	1.75
23	2.56521739130435
34	2.11764705882353
33	2.84848484848485
27	2.51851851851852
5	1
10	1.5
15	2.06666666666667
31	2.45161290322581
14	1.92857142857143
33	2.60606060606061
23	3.17391304347826
7	1.14285714285714
26	2.23076923076923
16	2.6875
29	2.72413793103448
21	3.71428571428571
13	2.46153846153846
10	1.9
14	1.85714285714286
15	2.4
4	1
35	3.8
33	2.36363636363636
6	1.5
3	1
27	2.07407407407407
23	2.39130434782609
10	1.8
12	2
9	2.33333333333333
8	1.5
13	2.23076923076923
49	2.69387755102041
34	2.38235294117647
38	2.57894736842105
46	2.84782608695652
16	2.5
10	1.5
4	1
20	2.1
13	2.07692307692308
9	1.55555555555556
14	2.28571428571429
4	1
30	3.56666666666667
28	3.46428571428571
27	2.7037037037037
7	1.71428571428571
