"node"	"mean_edge_length"
10	1.9
21	3.33333333333333
25	2.44
35	4.51428571428571
21	3.57142857142857
28	1.96428571428571
10	1.6
17	2.05882352941176
6	1.16666666666667
10	1.7
18	3
17	3.11764705882353
5	1.4
29	2.44827586206897
14	2.21428571428571
16	2.25
10	2.1
9	2.22222222222222
6	1.16666666666667
12	2.33333333333333
7	2.57142857142857
10	1.9
22	2
19	2.36842105263158
6	1.5
8	1.75
9	1.66666666666667
4	1.25
5	1.2
8	2.625
17	2.35294117647059
10	1.3
5	1.4
8	2
12	2
7	1.71428571428571
11	2.09090909090909
9	1.44444444444444
6	1.5
5	1.2
5	1.2
5	1.2
3	1
7	1.14285714285714
5	1.2
5	1.2
10	2.5
5	1
11	1.81818181818182
7	2
8	2
4	1
7	2
13	2.07692307692308
28	2.39285714285714
6	2
25	2.2
32	3.25
14	1.92857142857143
20	2.45
14	2.14285714285714
11	3.18181818181818
15	2.33333333333333
12	1.5
21	2.14285714285714
7	1.57142857142857
29	2.44827586206897
28	2.71428571428571
6	1.16666666666667
13	1.84615384615385
12	2.5
27	2.74074074074074
15	2.33333333333333
28	3.35714285714286
15	2.13333333333333
10	2.6
22	3.18181818181818
7	1.42857142857143
8	1.875
18	2.61111111111111
28	4.89285714285714
29	2.75862068965517
10	2.2
27	2.66666666666667
8	1.75
21	1.80952380952381
8	1.875
16	2.25
25	3.68
12	2.5
9	1.55555555555556
4	1
16	2.625
10	2.5
10	1.9
10	1.9
19	2.15789473684211
7	1.57142857142857
17	2.64705882352941
8	2
14	2.5
11	2.81818181818182
14	2.28571428571429
22	2.90909090909091
8	1.375
11	2.27272727272727
19	2.31578947368421
21	2.23809523809524
21	2.76190476190476
19	2.47368421052632
15	2.46666666666667
7	1.71428571428571
31	2.70967741935484
10	1.9
26	2.42307692307692
15	2
30	3
12	2.41666666666667
17	1.94117647058824
10	2
13	1.76923076923077
18	2.55555555555556
11	3.09090909090909
7	2.14285714285714
11	1.63636363636364
12	3.16666666666667
17	2.41176470588235
9	1.44444444444444
10	2.7
3	1
11	1.36363636363636
10	1.3
10	1.6
11	2.09090909090909
10	2
3	1
5	1.4
11	2.09090909090909
5	1.4
5	1.4
8	1.625
9	1.44444444444444
4	1.5
8	1.625
5	1.6
10	1.7
9	2.33333333333333
12	2.16666666666667
5	1.4
3	1
7	1.57142857142857
13	1.76923076923077
5	1.4
10	2.2
11	1.36363636363636
9	1.44444444444444
7	1.57142857142857
11	2.09090909090909
6	2
12	2.41666666666667
14	2.28571428571429
11	2.45454545454545
16	2.5
8	2
12	2.5
10	1.9
14	2.71428571428571
6	1.5
7	2.14285714285714
11	2
16	2.8125
15	2.4
11	1.63636363636364
10	1.8
5	1.4
12	1.91666666666667
6	1.5
10	2.6
17	3.23529411764706
15	2.06666666666667
7	1.14285714285714
12	1.91666666666667
10	2.3
15	2.06666666666667
11	2.36363636363636
26	3.07692307692308
14	2
14	2
10	1.8
9	2
16	2.5625
13	3.15384615384615
9	2.44444444444444
8	1.875
13	1.53846153846154
3	0.666666666666667
8	1.625
8	1.625
20	3.25
18	3.11111111111111
13	2.15384615384615
5	1.2
12	2.41666666666667
4	1.25
19	2.78947368421053
11	1.90909090909091
12	2.25
6	1.83333333333333
10	2
14	2.42857142857143
15	3.13333333333333
16	2.5
6	1.83333333333333
11	2.36363636363636
14	2
26	2.96153846153846
23	2.60869565217391
18	3.16666666666667
10	2.2
13	2.53846153846154
13	2.15384615384615
10	2.6
16	2.5
8	1.375
19	3.05263157894737
10	2.1
13	2.15384615384615
22	4.90909090909091
21	2.85714285714286
16	2.5625
8	2.25
9	2.22222222222222
5	2
12	2.33333333333333
25	2.88
20	2.75
9	2.11111111111111
22	2.54545454545455
16	2
15	2.4
21	2.47619047619048
7	2.28571428571429
13	2.53846153846154
19	3.36842105263158
11	2.27272727272727
23	2.1304347826087
14	1.78571428571429
25	3.04
11	2.90909090909091
17	2.35294117647059
19	3.10526315789474
32	3.09375
21	2.14285714285714
9	1.77777777777778
23	2.69565217391304
29	3.41379310344828
18	2.72222222222222
16	4.1875
15	2.6
13	2.38461538461538
18	2.44444444444444
12	2.5
13	2.76923076923077
23	3.1304347826087
13	2.92307692307692
12	1.83333333333333
7	1.85714285714286
5	1.2
6	1.66666666666667
3	1
5	1.4
4	1.5
8	1.375
3	0.666666666666667
3	0.666666666666667
3	0.666666666666667
4	1
3	0.666666666666667
8	1.75
6	1.5
5	1.6
6	1.66666666666667
10	1.3
4	1.5
5	1.2
9	2.22222222222222
8	1.375
4	0.75
3	0.666666666666667
5	1
5	1.4
3	1
6	1.5
8	2.75
6	1.33333333333333
4	1.25
8	1.625
3	1
3	1
8	2.25
4	1
3	1
9	1.55555555555556
3	1
6	1.5
9	1.55555555555556
4	1
3	1
3	1
3	0.666666666666667
3	1
6	1.16666666666667
6	1.16666666666667
3	1
7	1.28571428571429
4	1.5
6	1.83333333333333
8	2
7	2
4	1.25
6	1.16666666666667
8	2
7	1.28571428571429
4	1.5
11	2.09090909090909
7	1.71428571428571
5	1.6
9	1.55555555555556
4	1
11	1.54545454545455
3	0.666666666666667
3	1
3	1
4	1
7	1.57142857142857
10	2.6
4	1.25
3	0.666666666666667
5	1
8	1.5
4	1
7	1.14285714285714
5	0.8
9	2.44444444444444
5	1.4
14	1.78571428571429
4	1
9	2.11111111111111
6	1
3	0.666666666666667
8	1.375
3	1
4	0.75
7	2
7	1.28571428571429
9	2.88888888888889
5	0.8
3	1
12	2.41666666666667
6	1.33333333333333
6	1.16666666666667
8	1.75
10	1.9
4	1.25
8	1.375
3	0.666666666666667
4	1.5
4	1
6	1.5
11	3.18181818181818
5	1.2
8	2
3	1
5	1
5	1
4	1.5
6	1.16666666666667
4	1.25
16	2.375
5	1
4	1.5
5	1.6
8	1.625
11	2.09090909090909
6	1.33333333333333
5	1
5	1
5	1.2
9	1.77777777777778
10	1.5
5	1.2
4	1.5
6	1.83333333333333
5	1.2
5	1
3	1
9	2.33333333333333
3	0.666666666666667
3	1
4	1
4	1
5	1
7	2.71428571428571
7	1.57142857142857
4	1.5
4	1.25
4	1
8	2
18	3.88888888888889
9	1.55555555555556
6	1.16666666666667
25	2.52
12	1.91666666666667
4	1
5	1.4
5	1.4
5	1
8	1.625
11	2.63636363636364
3	1
7	1.42857142857143
11	1.90909090909091
5	1.4
3	1
3	1
7	1.42857142857143
3	0.666666666666667
7	1.14285714285714
4	1
8	1.75
8	1.75
3	0.666666666666667
5	1.2
3	1
3	0.666666666666667
15	3.46666666666667
7	1.71428571428571
3	0.666666666666667
3	1
8	1.625
4	0.75
6	1.16666666666667
5	1
5	1.4
3	1
10	2.5
5	1.4
4	1
8	1.5
8	1.5
5	1.4
4	1
5	1
5	1.6
6	2.16666666666667
6	1
6	1.33333333333333
14	2.07142857142857
5	1.6
8	1.75
10	1.9
11	3.09090909090909
3	0.666666666666667
16	2.8125
8	2.25
4	1
9	2.22222222222222
12	2.25
5	1.2
7	1.42857142857143
6	1.33333333333333
4	1
3	0.666666666666667
7	1.42857142857143
7	2.14285714285714
3	0.666666666666667
5	1.4
6	1.5
4	1.25
3	1
5	1
7	1.57142857142857
4	0.75
6	1.83333333333333
9	1.33333333333333
10	1.4
5	1.2
3	0.666666666666667
7	1.42857142857143
10	2.1
5	1.6
9	1.44444444444444
6	1.16666666666667
5	1.2
6	1.16666666666667
4	1
3	0.666666666666667
3	0.666666666666667
5	1.4
3	0.666666666666667
5	1.2
4	1.5
5	1.2
3	0.666666666666667
4	1
7	2.28571428571429
8	1.25
4	1.5
4	1.25
7	1.28571428571429
3	0.666666666666667
3	1
4	1.5
5	1.2
5	1.4
5	1.6
4	1
3	0.666666666666667
8	2
3	0.666666666666667
11	2.81818181818182
9	1.44444444444444
5	1.4
3	1
8	2
4	1
12	1.91666666666667
6	1.16666666666667
9	2.66666666666667
4	1.5
11	1.63636363636364
6	1.33333333333333
4	1
7	1.57142857142857
8	1.75
5	1
4	1
6	1.16666666666667
3	1
4	1.5
3	0.666666666666667
5	1.6
5	1
14	2.5
5	1.6
7	1.42857142857143
4	1.25
6	1.16666666666667
4	1
6	1.5
4	1.25
6	1.16666666666667
9	2.11111111111111
8	2.375
7	1.57142857142857
4	1
9	1.66666666666667
3	0.666666666666667
4	1
8	1.5
3	0.666666666666667
5	1
5	1.2
5	1
6	1.83333333333333
7	2
14	2.57142857142857
3	0.666666666666667
10	1.9
4	1
4	1.25
5	1
3	0.666666666666667
8	2.125
5	1
5	1.4
7	1.42857142857143
10	1.8
6	1.16666666666667
6	1.66666666666667
10	2
5	1.6
4	1
6	1.5
3	1
4	1
5	1
7	1.85714285714286
6	1.66666666666667
3	1
5	1.2
6	1.5
35	3.97142857142857
14	1.57142857142857
17	1.94117647058824
24	3.16666666666667
23	2.60869565217391
12	2.41666666666667
6	1.16666666666667
11	2.45454545454545
13	2.15384615384615
18	2.11111111111111
15	2.33333333333333
8	1.75
18	1.61111111111111
14	2.64285714285714
4	1
25	2.92
16	2.9375
3	1
33	3.24242424242424
27	3.74074074074074
11	2.18181818181818
5	1.2
11	1.63636363636364
27	2.62962962962963
30	2.86666666666667
48	4.54166666666667
20	2.55
9	1.88888888888889
21	2.9047619047619
5	1.8
3	1
20	2.95
11	2.36363636363636
7	1.28571428571429
7	1.42857142857143
25	2.64
6	1.33333333333333
5	1.6
10	1.4
8	1.75
4	1
10	2
16	2.6875
20	3.3
17	2.11764705882353
5	1
7	1.42857142857143
5	1
5	1
6	1.5
11	1.72727272727273
5	1.6
5	1
6	1.16666666666667
5	1.2
4	1.5
4	1.5
12	1.83333333333333
35	3.22857142857143
7	1.28571428571429
4	1
6	1.5
5	2
20	3.55
7	1.71428571428571
15	2.13333333333333
19	1.94736842105263
12	2
4	1.5
9	1.55555555555556
8	2.25
5	1.6
6	1.16666666666667
10	2.8
13	2.15384615384615
14	1.85714285714286
15	2.66666666666667
9	1.33333333333333
6	1.33333333333333
4	1.25
17	2.70588235294118
4	1
14	1.57142857142857
14	2.07142857142857
10	2.1
10	1.7
4	1
18	2.77777777777778
19	2.21052631578947
4	1
9	3.22222222222222
11	2.54545454545455
10	2
22	3.18181818181818
4	0.75
25	3.48
3	0.666666666666667
5	1.4
4	1.25
7	2.28571428571429
14	3
5	1
6	1.33333333333333
5	1
6	1.33333333333333
7	1.85714285714286
8	1.75
18	2.55555555555556
10	2.4
7	1.42857142857143
9	2
7	2.28571428571429
15	2.06666666666667
8	1.5
4	1
8	1.5
4	1
3	0.666666666666667
25	3.64
9	2.44444444444444
8	1.75
6	1.5
11	1.90909090909091
14	1.78571428571429
8	2.75
4	1.25
10	2.5
5	1.2
10	2.6
7	1.14285714285714
15	2.2
12	1.66666666666667
20	3
20	3.1
28	5.60714285714286
27	3.25925925925926
18	3
9	1.44444444444444
20	2.65
3	1
23	2.78260869565217
11	2.27272727272727
16	3.25
11	1.90909090909091
18	1.94444444444444
32	3.84375
4	1.25
8	1.375
14	1.78571428571429
15	2.2
9	2
14	2.28571428571429
5	1.6
3	1
7	1.28571428571429
8	2.375
28	2.78571428571429
5	1.4
12	2.08333333333333
7	1.42857142857143
4	1.5
5	1.2
6	1.5
4	1.5
7	1.57142857142857
7	1.42857142857143
5	1
10	1.6
3	0.666666666666667
6	1.66666666666667
3	0.666666666666667
15	2.8
17	2.58823529411765
9	1.66666666666667
5	1.4
3	0.666666666666667
4	1.25
10	3.1
3	0.666666666666667
24	2.70833333333333
17	2.29411764705882
4	1.5
3	1
6	1.16666666666667
6	2
7	2.14285714285714
14	3.21428571428571
6	1.5
4	1.25
10	1.6
7	1.57142857142857
5	1.4
4	0.75
7	1.42857142857143
4	1.5
5	1.4
5	1.6
4	1.25
5	1.4
10	1.9
3	0.666666666666667
8	1.75
12	2.75
5	2
5	1.4
5	1.4
5	1.2
3	0.666666666666667
3	1
10	1.9
4	1
3	0.666666666666667
5	1.2
21	2.61904761904762
5	1.4
13	1.76923076923077
6	1.16666666666667
9	1.55555555555556
11	2.09090909090909
7	2.14285714285714
4	1
4	1.5
3	0.666666666666667
4	1.5
3	1
5	1
4	1.25
4	1
3	1
4	1
6	1.33333333333333
10	2.3
3	1
9	2.44444444444444
7	1.57142857142857
3	1
4	1
14	2.07142857142857
7	1.42857142857143
10	1.3
9	2.66666666666667
10	2.7
4	1.5
13	2.84615384615385
5	1
11	1.54545454545455
4	1.25
6	1.16666666666667
4	1.5
19	2.10526315789474
21	2.28571428571429
24	3.16666666666667
5	1.4
6	1.33333333333333
5	1.4
10	2.2
13	1.84615384615385
14	2.64285714285714
17	3.29411764705882
14	1.78571428571429
4	1.5
3	1
4	1
8	2
7	2.42857142857143
7	1.42857142857143
3	1
4	1.5
3	1
9	2
5	1.8
11	1.72727272727273
14	1.71428571428571
4	1
5	1.4
3	1
8	1.875
8	2.625
5	1.2
8	1.5
4	1
11	2.27272727272727
4	1
4	1
6	1.33333333333333
13	2.15384615384615
17	3.41176470588235
6	1
4	1.5
3	0.666666666666667
6	1.83333333333333
5	1.2
4	1
6	2
5	1
11	2.54545454545455
9	1.33333333333333
10	1.8
3	1
5	2
4	1.5
7	1.28571428571429
6	2
6	1.16666666666667
10	1.9
17	2.23529411764706
14	3
21	2.85714285714286
6	1.83333333333333
19	3.78947368421053
22	2.22727272727273
9	2.33333333333333
27	2.66666666666667
17	2.82352941176471
20	3.3
54	3.88888888888889
7	2.57142857142857
16	2.5
20	3.45
17	3.05882352941176
23	2.82608695652174
35	2.94285714285714
9	1.88888888888889
4	1.5
25	3
21	2.28571428571429
34	2.88235294117647
27	4.92592592592593
9	1.77777777777778
7	1.85714285714286
7	1.42857142857143
21	2.14285714285714
46	3.34782608695652
12	2.33333333333333
15	2
21	2.76190476190476
28	2.53571428571429
28	2.57142857142857
44	3.40909090909091
25	2.68
30	2.63333333333333
20	2.45
23	2.30434782608696
42	4.30952380952381
31	2.93548387096774
22	2.86363636363636
23	2.52173913043478
15	3
19	2.73684210526316
10	2.4
10	2.4
21	3.33333333333333
10	2.1
16	2.6875
24	3.45833333333333
25	2.64
23	2.8695652173913
24	3.70833333333333
36	3.47222222222222
19	2.42105263157895
30	3.53333333333333
15	1.73333333333333
22	2.63636363636364
35	3.74285714285714
35	3.6
23	3.26086956521739
22	3.45454545454545
11	2.45454545454545
11	1.81818181818182
15	2.2
14	1.64285714285714
16	2.625
15	3.06666666666667
5	1
8	1.125
3	1
4	1
14	1.85714285714286
3	0.666666666666667
4	1.25
12	2.66666666666667
3	0.666666666666667
6	1.33333333333333
24	3.5
3	1
8	1.25
5	2
6	1.33333333333333
3	0.666666666666667
6	1.83333333333333
4	1
4	1.5
10	2
4	1
10	2.3
3	1
6	1.16666666666667
5	1.2
6	1.33333333333333
7	1.28571428571429
5	1.4
19	2.84210526315789
6	1.5
6	1.33333333333333
6	1.83333333333333
7	2
5	2
6	1.5
4	1
12	2.66666666666667
9	1.55555555555556
4	1.5
9	2.33333333333333
3	0.666666666666667
4	1
8	1.375
4	0.75
7	1.28571428571429
9	1.55555555555556
8	1.375
4	1
3	1
6	1.33333333333333
11	1.45454545454545
7	2
5	1.6
3	1
12	1.83333333333333
8	1.5
3	1
5	1.4
7	2.14285714285714
8	1.5
4	1.5
7	2.14285714285714
3	0.666666666666667
14	2.07142857142857
3	0.666666666666667
6	1.33333333333333
5	1.8
3	1
5	1.4
4	0.75
16	2.375
8	2
11	1.90909090909091
12	3.5
8	1.25
5	1
8	2.125
5	1.6
6	1.33333333333333
3	0.666666666666667
9	2.55555555555556
4	1.5
11	2.72727272727273
16	2.3125
9	2.22222222222222
10	2
5	1.4
12	3
4	1
3	1
5	1.2
8	1.375
6	1.5
11	2.81818181818182
10	1.7
5	1.4
9	2
10	1.6
8	2.375
11	2.54545454545455
12	2.5
4	1.5
5	1.4
5	1.4
18	2.61111111111111
9	1.88888888888889
8	2.375
9	1.55555555555556
12	2.91666666666667
4	0.75
17	2.35294117647059
4	1.5
5	2
8	2.625
6	1.16666666666667
9	1.66666666666667
12	1.5
22	3.18181818181818
5	1.2
13	2.46153846153846
10	1.5
5	1.4
4	0.75
4	0.75
5	1.4
4	1
20	3.25
14	2.5
11	2.09090909090909
3	0.666666666666667
12	1.91666666666667
9	2
27	2.85185185185185
7	1.28571428571429
21	4.09523809523809
9	2.11111111111111
7	1.42857142857143
10	2
6	2.16666666666667
4	1
8	1.375
23	2.52173913043478
32	2.8125
10	2.4
7	1.28571428571429
6	1.5
23	2.69565217391304
8	1.625
3	1
10	1.9
3	1
11	1.72727272727273
12	1.66666666666667
10	2.3
11	2
18	2.55555555555556
15	3.13333333333333
8	1.5
4	1
11	1.90909090909091
4	1.25
5	1
18	2.05555555555556
14	2.42857142857143
31	5.74193548387097
8	1.5
16	2.25
10	1.9
12	2.33333333333333
9	1.44444444444444
17	2.64705882352941
5	1.4
22	2.22727272727273
5	2
10	1.7
19	4.21052631578947
15	3.4
16	2.5
7	1.57142857142857
5	1.2
7	1.42857142857143
6	1.16666666666667
5	1.4
10	1.6
10	1.6
48	4.39583333333333
4	1.5
4	1
4	1
5	1.6
7	2.14285714285714
7	1.28571428571429
9	1.77777777777778
3	0.666666666666667
5	1
8	1.25
7	1.42857142857143
9	1.88888888888889
4	1.25
16	2
7	1.14285714285714
12	3.66666666666667
11	3.27272727272727
6	1
13	1.92307692307692
12	2.16666666666667
39	2.76923076923077
5	1.4
5	1.4
7	2
3	1
5	1.4
6	1.33333333333333
15	3.33333333333333
3	1
11	2.45454545454545
5	1.4
7	2
17	2.29411764705882
20	2.7
21	4.90476190476191
4	1.5
4	0.75
11	2.27272727272727
13	3.07692307692308
16	2.1875
17	2.17647058823529
9	1.66666666666667
7	1.71428571428571
11	1.54545454545455
21	2.42857142857143
14	2.78571428571429
26	2.23076923076923
6	1.5
19	3
32	4.09375
13	2.30769230769231
15	3.26666666666667
9	2.33333333333333
8	1.75
4	1.5
41	5.31707317073171
9	1.44444444444444
7	1.28571428571429
29	3.86206896551724
19	4.26315789473684
8	2.5
6	1.83333333333333
11	2.81818181818182
6	1.33333333333333
17	2.82352941176471
19	3.42105263157895
7	2.14285714285714
3	1
17	2.35294117647059
10	2.2
7	1.85714285714286
11	2.90909090909091
18	2.94444444444444
9	1.66666666666667
18	2.38888888888889
4	1.5
13	1.92307692307692
15	2.53333333333333
10	3
5	1.6
33	2.87878787878788
16	2.375
19	3.42105263157895
11	2.90909090909091
21	2.33333333333333
12	1.91666666666667
5	1.8
12	2.25
10	2
23	2.08695652173913
10	2.6
3	1
20	2.75
5	1.4
11	1.63636363636364
5	1.2
13	1.92307692307692
23	2.26086956521739
10	1.8
13	1.46153846153846
27	3.66666666666667
30	3.5
19	2.94736842105263
11	2.45454545454545
10	2.4
5	1.6
18	2.38888888888889
7	1.85714285714286
13	2.69230769230769
34	4.70588235294118
24	3.70833333333333
22	4.13636363636364
22	3.18181818181818
7	1.57142857142857
19	2.84210526315789
11	2.09090909090909
17	2.76470588235294
23	2.65217391304348
22	4.27272727272727
3	1
25	2.12
14	1.92857142857143
18	2.16666666666667
13	2.84615384615385
24	2.125
17	2.70588235294118
17	3.29411764705882
12	2.25
20	3.4
24	3.95833333333333
35	2.25714285714286
13	3
8	1.25
21	2.19047619047619
29	4
24	3.41666666666667
8	1.375
21	2.28571428571429
15	2
46	2.56521739130435
45	4.02222222222222
18	2.77777777777778
8	1.375
26	2.34615384615385
6	1.66666666666667
27	3
24	2
5	2
20	3.5
60	3.05
25	3.04
7	1.85714285714286
5	1.4
9	2.11111111111111
7	1.57142857142857
10	1.4
16	2.3125
14	2.57142857142857
10	2.6
20	2.55
15	2.4
24	2.41666666666667
13	2.07692307692308
35	2.85714285714286
6	2.5
7	2.71428571428571
30	2.73333333333333
6	2.5
52	3.44230769230769
36	3.58333333333333
19	3.15789473684211
36	3.02777777777778
11	2.45454545454545
17	2.82352941176471
28	4.17857142857143
8	2
10	1.3
10	1.6
12	1.66666666666667
17	2.05882352941176
17	2.29411764705882
12	2.33333333333333
38	4.07894736842105
28	2.17857142857143
31	2.93548387096774
39	3.69230769230769
37	3.78378378378378
3	0.666666666666667
20	2.35
25	2.32
6	1.5
14	2.78571428571429
3	0.666666666666667
34	2.47058823529412
39	3.61538461538462
41	2.82926829268293
22	2.72727272727273
10	1.4
39	2.79487179487179
27	3.22222222222222
3	0.666666666666667
9	2.77777777777778
4	1.25
9	2.11111111111111
10	2
6	1.83333333333333
5	1.4
26	3.11538461538462
15	2.4
41	3.07317073170732
18	2.83333333333333
19	2.31578947368421
46	4.19565217391304
25	3.08
41	3.51219512195122
29	3.31034482758621
16	2.0625
16	2.8125
5	1.8
19	3.26315789473684
13	2.15384615384615
50	4.26
4	1.25
5	1.2
3	1
5	1.2
3	1
20	3.1
9	2.33333333333333
6	1.16666666666667
12	2.08333333333333
32	3.28125
23	2.73913043478261
18	2.77777777777778
16	2.4375
25	3.08
20	2.25
5	1.6
44	3.02272727272727
21	3.76190476190476
11	2.54545454545455
7	1.71428571428571
27	3.37037037037037
41	3.36585365853659
18	2.88888888888889
20	2.7
30	2.9
10	1.6
40	3.975
3	0.666666666666667
10	1.7
3	1
5	0.8
7	1.85714285714286
41	5.09756097560976
3	1
11	1.45454545454545
15	2.4
3	0.666666666666667
6	1.33333333333333
3	0.666666666666667
6	1.16666666666667
9	1.55555555555556
3	1
9	1.22222222222222
4	1
6	1.16666666666667
4	0.75
7	1.42857142857143
7	2.57142857142857
5	1
4	1.25
3	1
4	0.75
8	1.625
3	0.666666666666667
3	1
6	1.33333333333333
3	0.666666666666667
4	1.5
4	1.5
10	2.9
5	2
5	1.2
5	1
4	1
3	0.666666666666667
9	1.77777777777778
3	0.666666666666667
3	0.666666666666667
4	1
5	1
8	2.125
3	1
6	1.5
17	2.41176470588235
7	1.57142857142857
4	1
14	2.85714285714286
3	1
6	1.83333333333333
4	1
12	2.25
3	1
10	2.6
16	4.125
6	1.83333333333333
3	1
9	1.66666666666667
7	1.57142857142857
8	2
8	1.75
12	2.25
4	1.25
7	1.57142857142857
3	1
4	1.5
4	1
22	4.40909090909091
30	3.2
6	1
8	1.625
9	1.88888888888889
31	3.67741935483871
36	4.75
17	2.05882352941176
10	1.6
3	1
3	1
14	1.64285714285714
16	1.875
6	1.16666666666667
22	6.09090909090909
6	2.16666666666667
4	1
23	4.21739130434783
19	3.36842105263158
10	2.9
3	1
9	1.44444444444444
11	1.90909090909091
8	1.5
17	2.64705882352941
13	3.07692307692308
8	2.125
13	2.69230769230769
23	2.47826086956522
40	4.225
28	2.67857142857143
8	1.25
11	2.09090909090909
38	2.31578947368421
12	1.58333333333333
23	3.60869565217391
17	2.82352941176471
18	2.61111111111111
16	2.5625
50	4.9
26	2.15384615384615
25	3.12
13	1.76923076923077
9	1.33333333333333
13	2
20	2.3
18	2.38888888888889
22	3.54545454545455
18	3.38888888888889
23	2.47826086956522
5	1.2
6	1.83333333333333
3	1
14	2.57142857142857
35	3
16	2.125
17	2.94117647058824
20	3.3
15	2.86666666666667
7	2.42857142857143
16	2.5625
9	2
7	2.42857142857143
6	0.833333333333333
30	3.13333333333333
33	3.78787878787879
20	2.4
5	1
8	1.25
5	1.4
8	1.375
5	1.4
13	2.30769230769231
8	1.375
13	3.76923076923077
12	1.83333333333333
16	2.1875
6	1.83333333333333
10	1.4
9	1.66666666666667
7	1.42857142857143
6	1.5
6	1.16666666666667
12	2.16666666666667
31	2.29032258064516
22	2.22727272727273
7	1.28571428571429
11	1.63636363636364
13	2.15384615384615
14	2.07142857142857
10	2.1
10	1.4
4	1
3	1
5	1
13	2.61538461538462
10	1.5
5	1.4
11	1.45454545454545
10	1.8
16	4
9	2.44444444444444
17	2
25	3.08
19	2.47368421052632
12	1.58333333333333
13	1.84615384615385
14	2.35714285714286
6	1
4	1.5
7	2.14285714285714
7	1.71428571428571
4	0.75
32	2.21875
22	2.45454545454545
25	3.56
6	1.33333333333333
7	1.71428571428571
13	1.61538461538462
5	1.4
6	1.83333333333333
9	2.44444444444444
10	2.8
15	2.6
29	3.79310344827586
5	1.4
14	1.57142857142857
12	2.33333333333333
7	1.71428571428571
28	3.57142857142857
14	3.85714285714286
5	1.4
10	2.2
16	2.1875
19	3.73684210526316
13	1.92307692307692
7	1.42857142857143
8	1.75
5	1.6
4	1.5
11	2.54545454545455
10	1.9
11	2.72727272727273
10	2.5
8	1.875
5	1.4
4	1.25
5	1.2
3	1
10	2.1
7	1.42857142857143
10	2.4
9	1.22222222222222
3	0.666666666666667
5	1.6
6	1.33333333333333
3	1
3	0.666666666666667
9	2
9	2.22222222222222
9	1.33333333333333
6	1.5
6	1.16666666666667
6	1.5
5	1.4
11	2.63636363636364
6	1
11	1.81818181818182
9	1.44444444444444
13	1.84615384615385
16	2
6	2
12	1.91666666666667
7	1.57142857142857
7	1.28571428571429
44	3.04545454545455
29	3.62068965517241
6	1.33333333333333
44	4.20454545454545
30	2.9
25	3.24
11	2.09090909090909
8	1.75
4	1
4	1.25
4	1.25
16	2.5
27	2.74074074074074
26	3.96153846153846
38	4.84210526315789
7	1.42857142857143
10	2.9
12	2.91666666666667
7	2.57142857142857
23	2.56521739130435
7	1.42857142857143
24	3.66666666666667
13	2.38461538461538
8	2.25
20	3.35
24	3.08333333333333
14	2.5
36	3.69444444444444
27	2.22222222222222
9	1.88888888888889
22	2.5
28	4.25
8	1.5
6	1.16666666666667
12	2.75
17	2.88235294117647
5	1
9	3.22222222222222
5	1.4
15	2.66666666666667
19	3.89473684210526
5	1.6
8	1.75
12	2.25
19	2.84210526315789
19	2.84210526315789
13	1.53846153846154
7	2
17	2.52941176470588
10	2.7
11	1.81818181818182
5	1.6
5	1.6
6	1.66666666666667
11	1.63636363636364
7	1
4	1
9	1.77777777777778
17	2.76470588235294
3	1
10	2
6	1.83333333333333
14	1.92857142857143
7	1.42857142857143
10	1.5
3	1
10	2.5
5	2
6	1.83333333333333
6	1.83333333333333
3	1
3	1
5	1.6
9	2.44444444444444
24	3.875
3	1
37	5.08108108108108
25	4
11	2.27272727272727
5	1.4
9	2.22222222222222
13	3.53846153846154
24	3.125
22	2.18181818181818
8	1
26	2.38461538461538
6	2.5
14	2.64285714285714
8	1.75
12	1.83333333333333
13	2
10	2
26	3.61538461538462
10	1.8
22	2.86363636363636
26	2.5
8	1.875
11	2.09090909090909
13	1.76923076923077
3	1
8	2.375
12	2.16666666666667
7	1.42857142857143
5	1.6
13	2.30769230769231
32	4.59375
12	2.16666666666667
10	1.8
12	1.41666666666667
10	1.4
14	1.78571428571429
4	1
14	2.14285714285714
19	2.10526315789474
9	2.33333333333333
31	3.74193548387097
5	1.6
9	2.66666666666667
4	1.25
8	1.25
6	1.16666666666667
14	1.92857142857143
9	2.44444444444444
12	2.58333333333333
11	1.63636363636364
29	4.13793103448276
4	1
13	2.30769230769231
18	2.5
8	2.375
7	2.14285714285714
20	2.5
5	1.4
3	1
15	1.6
8	2
3	0.666666666666667
6	1.5
20	2.7
31	2.35483870967742
5	1.2
19	3.52631578947368
21	2.61904761904762
24	2.33333333333333
9	1.77777777777778
9	2.22222222222222
6	1.5
6	1.33333333333333
13	2.76923076923077
14	2.14285714285714
7	1.28571428571429
14	2.85714285714286
7	1.42857142857143
16	2.125
24	4.16666666666667
26	3.53846153846154
9	1.77777777777778
26	2.15384615384615
18	2.44444444444444
12	1.33333333333333
9	1.88888888888889
14	3.71428571428571
8	1.25
14	2.5
4	0.75
28	4.92857142857143
17	1.94117647058824
3	0.666666666666667
10	2.2
17	2.64705882352941
10	2
8	1.875
3	1
3	1
12	1.83333333333333
5	1.6
6	1.16666666666667
23	2.43478260869565
7	1.71428571428571
13	1.76923076923077
8	2.125
4	1.5
6	1.5
17	2.41176470588235
20	2.65
6	1
15	2.33333333333333
14	2.57142857142857
13	3
11	3.45454545454545
6	2
4	1
4	1
24	2.5
6	1.5
5	1.2
9	1.22222222222222
15	1.86666666666667
7	1.42857142857143
17	2.23529411764706
11	1.90909090909091
5	1.2
19	3.36842105263158
11	2.18181818181818
3	0.666666666666667
18	2.05555555555556
17	3
13	2.23076923076923
21	2.52380952380952
5	1.8
12	2.33333333333333
19	2.63157894736842
16	2.8125
7	1.42857142857143
7	1.71428571428571
6	1.5
10	2
10	1.2
40	3.325
5	1.2
4	1.5
16	1.8125
12	2.25
39	3.23076923076923
27	3.22222222222222
37	2.86486486486486
12	2.91666666666667
6	2.16666666666667
24	3.79166666666667
5	1.6
11	2.09090909090909
13	1.84615384615385
14	2.21428571428571
17	2.29411764705882
15	2.33333333333333
12	2.08333333333333
11	2.81818181818182
8	2.75
28	2.92857142857143
7	1.28571428571429
16	2.125
6	1.5
11	2.81818181818182
9	1.77777777777778
6	1.83333333333333
22	2.72727272727273
35	2.94285714285714
17	2.23529411764706
19	2.47368421052632
5	1.4
8	1.25
8	1.875
20	2.85
5	1.6
17	2.29411764705882
19	2.57894736842105
24	2.70833333333333
30	2.26666666666667
11	2
5	1.2
8	1.375
15	2.13333333333333
19	2.31578947368421
5	1
7	1.14285714285714
6	1.33333333333333
13	1.84615384615385
5	1.2
3	0.666666666666667
4	1.5
5	1.2
6	1.5
5	1.4
3	0.666666666666667
6	1.83333333333333
6	1.5
4	1
4	1
16	3.875
3	0.666666666666667
5	1
4	1.5
3	1
3	1
3	0.666666666666667
3	0.666666666666667
5	1.4
5	2
6	1
4	1.5
6	1.16666666666667
5	2
4	1.5
7	1.71428571428571
5	1
5	1.2
5	1.2
3	0.666666666666667
4	1
4	1.5
3	1
5	1.2
3	1
5	1.2
6	1.83333333333333
10	1.6
3	1
4	1
4	1
4	1.25
6	1.33333333333333
5	1.2
8	1.375
3	1
8	2.25
16	5.1875
4	1.25
4	1
6	1.83333333333333
7	1.71428571428571
4	1.25
6	1
6	1.5
7	1.85714285714286
5	2
7	1.42857142857143
3	0.666666666666667
6	1.33333333333333
16	1.9375
12	2.5
8	1.375
7	1.57142857142857
4	1
3	0.666666666666667
6	1.16666666666667
6	1.83333333333333
10	1.7
3	1
4	1.25
8	2.125
4	1.5
7	1.42857142857143
5	1
3	1
6	1.16666666666667
3	1
5	1
11	1.81818181818182
5	1.2
9	2
4	1.5
9	1.66666666666667
5	1.4
5	1.6
10	2
5	1
6	1
5	1.4
7	1.28571428571429
3	1
9	2
5	1.6
5	1
8	1.25
12	2.08333333333333
4	1
3	1
3	1
5	1.4
7	1.57142857142857
9	1.55555555555556
6	1.33333333333333
5	1.2
5	1.2
3	0.666666666666667
5	1
4	0.75
4	1.25
8	1.125
3	1
7	1.42857142857143
5	1.4
10	1.9
10	2
4	1
7	1.71428571428571
5	1.2
4	1
6	1.5
3	0.666666666666667
11	1.81818181818182
6	1.33333333333333
3	0.666666666666667
4	1
7	1.42857142857143
4	0.75
3	0.666666666666667
4	1
6	1.5
3	0.666666666666667
3	1
8	1.75
7	1.71428571428571
3	1
7	1.42857142857143
10	2.2
9	1.55555555555556
6	1.5
4	1.25
5	1
11	1.72727272727273
4	1.5
3	1
9	1.77777777777778
4	1
4	1.5
6	1.66666666666667
7	1.28571428571429
28	3.17857142857143
5	1.4
7	1.42857142857143
4	1
8	1.875
4	1.25
15	2
4	1
7	1.85714285714286
3	1
4	1
6	1.16666666666667
4	1.5
6	1.5
3	1
4	1.5
6	1.5
7	1.71428571428571
12	1.91666666666667
3	1
5	1
4	1.5
10	1.5
5	1.4
4	1
5	1.2
4	1
7	1.42857142857143
5	1.4
5	1
4	1.25
3	0.666666666666667
3	0.666666666666667
5	1
5	1.2
6	2
12	2.41666666666667
5	1
5	1.4
10	2.5
7	1.71428571428571
5	1.4
8	1.375
10	2.4
11	2.09090909090909
8	1.875
8	1.375
5	1.4
6	1.33333333333333
3	0.666666666666667
4	1.5
3	0.666666666666667
4	0.75
6	1.33333333333333
18	2.94444444444444
5	1
8	1.625
3	1
4	1
4	1.25
3	0.666666666666667
5	1.6
4	1.25
9	2.33333333333333
4	1
3	1
8	1.625
4	1.5
11	2.36363636363636
11	2.09090909090909
3	1
3	1
5	2
10	1.8
7	1.57142857142857
5	1
6	1.66666666666667
9	1.33333333333333
3	0.666666666666667
7	1.85714285714286
3	0.666666666666667
8	1.875
4	1
6	1.33333333333333
8	1.625
5	1
8	1.5
6	1.5
5	1.6
4	1
4	1.5
5	1
7	1.57142857142857
6	1
7	1.28571428571429
3	1
3	1
4	0.75
6	1.33333333333333
5	1.6
5	0.8
6	1.16666666666667
6	1.66666666666667
5	1
5	1.6
9	2.66666666666667
4	1.25
5	1.8
5	1.2
3	1
3	1
5	1
4	1
3	0.666666666666667
5	1
3	0.666666666666667
5	1.2
5	1.4
5	1
4	1
3	0.666666666666667
4	1
5	0.8
7	1.71428571428571
7	2
12	1.83333333333333
4	0.75
5	1.2
4	0.75
5	1.4
6	1.83333333333333
4	1.75
5	1
14	2.92857142857143
4	1
3	1
8	2
4	1
5	1.4
6	1.33333333333333
3	0.666666666666667
4	1
4	0.75
5	1
5	2
14	2.35714285714286
4	0.75
4	0.75
15	2.13333333333333
5	1.2
7	1.71428571428571
6	1.33333333333333
6	1.33333333333333
5	2
3	0.666666666666667
7	2.14285714285714
6	1
3	1
5	1
4	1
7	1.71428571428571
3	1
4	1.5
11	2.09090909090909
6	1.83333333333333
3	0.666666666666667
12	3.58333333333333
4	1
6	1.33333333333333
7	2.28571428571429
4	1.25
5	1
3	0.666666666666667
4	1
10	2
3	0.666666666666667
4	1.25
8	1.25
10	1.3
7	1.85714285714286
9	2
3	0.666666666666667
7	1.85714285714286
3	1
8	1.375
7	1.28571428571429
4	1
8	2.5
14	2.78571428571429
9	2.66666666666667
4	1
6	1.16666666666667
14	2.28571428571429
11	1.81818181818182
10	1.4
20	2.45
20	5
9	1.55555555555556
4	1
3	0.666666666666667
4	1
12	2.41666666666667
10	3.2
12	1.83333333333333
8	1.5
4	1.25
5	1.6
17	2.70588235294118
14	2.07142857142857
10	1.7
19	3
4	1
6	2
12	2
9	1.55555555555556
8	2.125
3	0.666666666666667
15	2.26666666666667
24	3.45833333333333
22	3.40909090909091
21	2.23809523809524
4	1.25
7	1.42857142857143
7	1.42857142857143
10	2.1
5	1.4
30	4.73333333333333
8	2.5
12	1.83333333333333
8	2.5
15	2.06666666666667
8	1.875
9	1.77777777777778
22	4.22727272727273
33	4.54545454545455
6	2.16666666666667
8	1.375
9	1.88888888888889
3	1
12	1.66666666666667
6	2.16666666666667
8	1.875
5	1.6
10	2.4
14	2.5
17	2.52941176470588
11	3.18181818181818
7	2
16	3.75
3	0.666666666666667
9	1.88888888888889
5	1.2
11	2.45454545454545
27	3.07407407407407
5	1.4
13	2.23076923076923
7	1.71428571428571
10	2.1
19	3.05263157894737
3	1
14	2.5
6	1.33333333333333
16	3.0625
15	2.4
41	3.85365853658537
4	1
15	3.4
3	0.666666666666667
5	1.4
7	1.71428571428571
7	1.28571428571429
24	1.79166666666667
5	1
3	1
12	3
3	1
8	1.875
12	3.5
8	2
6	1.83333333333333
3	0.666666666666667
6	1.5
5	1.8
11	1.90909090909091
11	1.81818181818182
4	1
9	1.77777777777778
10	2.3
12	2.75
6	1.5
7	1.71428571428571
12	1.83333333333333
5	1.2
6	1.5
7	2
12	2.5
15	2.8
3	0.666666666666667
3	1
11	2.18181818181818
3	1
5	1.2
26	2.88461538461538
8	2.5
3	0.666666666666667
6	1.83333333333333
3	1
14	2.07142857142857
3	1
4	1
5	1.4
7	1.85714285714286
6	1.33333333333333
6	1.66666666666667
5	1.4
10	1.6
28	3.67857142857143
7	1.71428571428571
11	1.81818181818182
18	2.27777777777778
9	1.44444444444444
5	1.4
8	2
8	1.75
25	3.28
21	2.95238095238095
3	0.666666666666667
10	2.3
8	1.875
10	1.7
7	1.85714285714286
7	1.42857142857143
10	2.8
3	1
6	1.16666666666667
3	0.666666666666667
3	1
7	1.28571428571429
10	2.3
35	3.57142857142857
3	0.666666666666667
13	2.38461538461538
10	1.9
10	2.6
10	1.9
7	2.71428571428571
6	1.16666666666667
15	2.26666666666667
8	1.5
18	2.88888888888889
5	1.6
12	2.16666666666667
12	2.83333333333333
7	1.71428571428571
14	3
20	3.45
4	1
3	0.666666666666667
6	2
8	1.25
6	1.5
16	2.25
20	3.85
11	2.72727272727273
6	1.83333333333333
3	1
7	1.85714285714286
3	1
32	3.78125
6	1.16666666666667
4	1.5
8	2.25
3	1
19	2.78947368421053
17	3
16	2.1875
8	1.75
8	2.125
13	2.38461538461538
9	1.77777777777778
9	2.33333333333333
12	2
8	1.25
6	1.5
8	1.25
5	1.2
5	1.6
22	3.36363636363636
8	1
40	3.6
6	1.5
11	2.09090909090909
6	1.33333333333333
7	1.71428571428571
26	3.80769230769231
6	1.83333333333333
18	2.88888888888889
40	3.2
11	2.36363636363636
3	0.666666666666667
9	2.11111111111111
5	1
13	2.30769230769231
24	2.58333333333333
11	1.72727272727273
17	4.47058823529412
5	1.6
10	1.7
10	1.8
19	2.31578947368421
7	1.71428571428571
14	2.78571428571429
19	1.94736842105263
12	2.08333333333333
7	2.14285714285714
10	1.4
5	1.2
11	1.81818181818182
11	1.63636363636364
16	2.6875
8	2
8	1.75
4	1
16	2
20	2.35
5	1
13	2.30769230769231
13	3
20	2.35
15	2.46666666666667
19	2.63157894736842
28	4.17857142857143
3	1
27	2.96296296296296
4	1
7	2.14285714285714
13	1.84615384615385
5	2
14	2.42857142857143
10	2
14	2.21428571428571
8	2.25
6	1.5
23	3
8	1.5
7	1.71428571428571
10	2
5	1.6
7	1.14285714285714
31	2.74193548387097
22	2.54545454545455
30	3.76666666666667
24	2.75
13	2.92307692307692
8	1.25
8	1.875
4	1
9	1.88888888888889
4	1
8	1.75
4	0.75
4	1
4	1.25
3	1
5	1
4	1.5
3	0.666666666666667
19	3.26315789473684
12	1.66666666666667
6	1.5
15	2.13333333333333
8	1.75
15	2
17	2.70588235294118
32	3.40625
27	2.33333333333333
5	1.2
22	2.36363636363636
29	2.82758620689655
8	1.375
16	2.1875
12	2.41666666666667
22	2.27272727272727
6	2.16666666666667
7	2.14285714285714
5	1.6
16	3
15	2.93333333333333
12	2.25
24	3.66666666666667
12	2.83333333333333
8	1.75
7	1.85714285714286
12	3
7	2.14285714285714
9	2.44444444444444
9	2.33333333333333
17	2.05882352941176
6	1.5
6	2.5
5	1.6
12	2.75
7	1.57142857142857
4	1.5
7	2.28571428571429
5	1.6
13	2.23076923076923
9	2.22222222222222
17	3.11764705882353
12	2.33333333333333
6	1.33333333333333
10	2.3
9	1.66666666666667
16	2.25
7	1.42857142857143
3	1
4	0.75
4	1
19	3.21052631578947
8	1.75
7	2.28571428571429
7	1.42857142857143
10	1.6
4	1.5
4	1.5
8	2.125
6	1
8	2.125
4	1.25
20	4.05
19	2.26315789473684
5	1.8
6	1.33333333333333
6	1.16666666666667
7	1.71428571428571
11	1.81818181818182
5	1.2
10	1.8
7	1.57142857142857
26	3.11538461538462
10	1.9
3	1
14	3.21428571428571
26	3.38461538461538
4	1
8	2.375
6	1.66666666666667
10	1.8
15	1.73333333333333
5	1.6
9	2.33333333333333
3	0.666666666666667
7	2.42857142857143
3	0.666666666666667
4	1.25
5	1
5	2
3	0.666666666666667
6	1.5
5	1.2
8	1.625
3	1
6	1.33333333333333
8	1.875
5	1
18	2.83333333333333
6	1.66666666666667
9	1.66666666666667
3	0.666666666666667
8	1.875
3	0.666666666666667
8	1.75
8	2.25
13	1.92307692307692
3	0.666666666666667
10	2.4
3	1
5	1.2
13	2
3	1
7	1.28571428571429
3	1
4	1.5
3	1
3	1
6	2.16666666666667
4	1.25
4	1
10	2
3	1
10	2.5
3	0.666666666666667
6	2
5	1.6
5	1.2
3	0.666666666666667
8	1.125
5	1.2
4	1.25
5	1
6	2.5
4	1
7	1.28571428571429
7	2
5	1.8
4	1.5
4	1
4	1
5	1.6
7	2
5	1.4
4	1
5	2
3	1
4	1
4	1.5
3	0.666666666666667
5	1.8
8	1.625
3	1
3	0.666666666666667
4	1.5
3	0.666666666666667
10	1.9
9	2.22222222222222
4	1
4	1.5
4	1.25
5	1.6
13	3.69230769230769
7	2.28571428571429
5	1.6
4	1
5	1.2
7	1.42857142857143
6	2
9	1.55555555555556
7	1.42857142857143
3	0.666666666666667
10	3
4	1.25
3	0.666666666666667
6	1.5
3	1
5	2
12	2.66666666666667
5	1.4
4	1.5
4	1
4	1
4	1
4	1.5
4	1.5
14	2.57142857142857
5	1.2
5	1.2
4	1.5
3	1
8	2.125
5	1
3	1
7	1.57142857142857
7	2.71428571428571
7	1.28571428571429
4	1.25
3	0.666666666666667
6	1.33333333333333
5	0.8
3	1
7	1.85714285714286
8	1.625
4	1.25
7	2.14285714285714
5	1.6
11	1.72727272727273
7	1.42857142857143
13	2.07692307692308
11	1.90909090909091
16	2.625
5	1.6
5	1.2
3	1
3	1
3	0.666666666666667
6	1.5
4	1.5
4	1.25
4	0.75
3	0.666666666666667
5	1
4	1
3	0.666666666666667
3	0.666666666666667
4	0.75
6	1.5
4	1.25
9	2.33333333333333
7	2.71428571428571
3	1
3	1
9	1.66666666666667
4	1
6	1.16666666666667
4	1
3	1
4	1.5
7	1.85714285714286
3	0.666666666666667
3	1
6	2.33333333333333
8	2
4	1.5
7	1.42857142857143
7	1.42857142857143
8	1.75
4	1.25
8	1.625
4	1
3	0.666666666666667
4	1.25
4	1.5
4	1.5
7	1.85714285714286
5	1.2
7	1.28571428571429
14	1.92857142857143
3	0.666666666666667
7	1.85714285714286
5	1.2
10	1.9
5	1.2
8	1.75
3	1
4	1.25
7	1.42857142857143
12	2.5
3	0.666666666666667
4	1.5
3	0.666666666666667
4	1
3	1
4	1.5
4	1.5
3	0.666666666666667
11	3.54545454545455
6	1.33333333333333
4	1
4	1.25
7	1.57142857142857
3	1
5	1.4
5	1.8
5	2
4	1.5
4	1
5	1.4
5	1.2
6	1.33333333333333
3	1
5	1.6
4	1.5
12	1.91666666666667
4	1.25
4	1.5
4	1
8	1.5
4	1.25
7	2.14285714285714
4	1.25
7	1.57142857142857
3	1
5	2
4	1.25
3	1
4	1.5
10	2.3
7	1.71428571428571
5	1
7	1.85714285714286
5	1.6
6	1.5
6	1.5
11	1.63636363636364
6	1.5
5	1.4
4	1.5
3	0.666666666666667
4	1
5	1.6
3	1
4	1
4	1.5
4	1
4	1
3	0.666666666666667
3	0.666666666666667
4	1
7	1.42857142857143
3	0.666666666666667
18	1.88888888888889
3	0.666666666666667
7	1.28571428571429
3	0.666666666666667
3	1
3	0.666666666666667
3	0.666666666666667
5	2
4	1.25
6	1.16666666666667
5	1.4
4	1
5	1
6	1.83333333333333
9	1.77777777777778
3	0.666666666666667
5	1.2
6	1.83333333333333
6	1
9	2
8	2.375
5	1.4
3	1
4	1.25
4	1
5	1.2
12	2.75
7	1.28571428571429
9	2.33333333333333
5	1
3	1
8	1.375
4	0.75
4	1
11	2.18181818181818
6	1.5
9	1.66666666666667
5	1.2
4	1.5
5	1.6
7	1.57142857142857
4	1.5
3	0.666666666666667
4	1.5
7	2
4	1
8	1.75
13	4.15384615384615
3	1
9	1.44444444444444
8	1
11	2.54545454545455
6	1.16666666666667
8	1.5
4	1
3	0.666666666666667
3	0.666666666666667
3	1
4	1
5	1.4
4	1
6	2.16666666666667
3	1
4	1
3	0.666666666666667
4	1.25
7	1.14285714285714
7	2.28571428571429
5	2
4	1
6	1.33333333333333
6	1.5
4	1.5
3	1
5	1.2
3	1
4	1.25
4	1.25
13	1.69230769230769
3	1
5	1.6
14	3.78571428571429
5	1.6
3	0.666666666666667
9	1.55555555555556
5	1
14	2.64285714285714
8	1.625
4	1.5
7	2.14285714285714
6	1.5
5	1.6
6	2.16666666666667
6	1.33333333333333
3	1
7	1.71428571428571
3	0.666666666666667
7	1.14285714285714
5	1.4
5	1
3	0.666666666666667
5	1.4
5	1.4
6	2.5
3	1
9	1.44444444444444
3	0.666666666666667
4	1.5
4	1.25
4	1
5	1.6
3	0.666666666666667
5	1.6
5	1.8
5	1.2
5	1.2
6	2
11	2.90909090909091
20	3.9
4	1
7	2.14285714285714
5	0.8
5	1.4
5	1.4
10	2.4
6	1.33333333333333
15	1.8
3	1
3	1
3	0.666666666666667
4	0.75
7	1.14285714285714
8	1.75
4	1.25
3	1
3	1
5	1.2
7	2
3	0.666666666666667
12	2.16666666666667
4	1.5
9	1.33333333333333
4	1.5
3	0.666666666666667
4	0.75
10	1.4
9	1.77777777777778
3	1
7	2
6	1.33333333333333
4	1.5
3	0.666666666666667
6	1.83333333333333
4	1
6	2
6	2
5	1.4
3	1
3	1
9	1.55555555555556
9	2
3	0.666666666666667
5	1.2
7	1.85714285714286
6	1.66666666666667
4	1.5
8	2
5	1
3	1
3	0.666666666666667
3	1
4	1.5
5	1
3	1
3	1
4	1.25
4	1
4	1.5
5	1.6
4	1.5
7	1.14285714285714
3	1
5	0.8
5	1.4
4	1.25
6	1.16666666666667
6	1.16666666666667
6	1.33333333333333
3	1
6	1.16666666666667
13	1.76923076923077
3	1
4	1
3	0.666666666666667
6	1.5
6	1.83333333333333
4	1
9	2.44444444444444
7	2
8	1.25
9	2.88888888888889
4	1.5
12	1.75
3	1
4	1
5	1
12	1.75
10	2
3	0.666666666666667
3	0.666666666666667
3	1
6	1.33333333333333
13	1.61538461538462
3	1
3	1
4	1.5
5	1.4
3	1
5	1.4
6	1.5
13	2
5	1.2
3	0.666666666666667
6	1.33333333333333
6	1.33333333333333
7	2.57142857142857
7	1.42857142857143
3	0.666666666666667
6	1.5
6	1.16666666666667
3	1
8	1.5
8	1.75
6	1.16666666666667
6	2.33333333333333
5	2
6	1.16666666666667
8	2
3	1
5	1.2
10	1.7
6	1.83333333333333
12	3.16666666666667
5	1.6
19	3
24	5.75
20	3.15
22	3.04545454545455
28	4.25
18	3.83333333333333
12	2.16666666666667
10	2.5
5	1.4
10	2.2
5	1.4
16	2.3125
19	3.05263157894737
14	2.78571428571429
12	1.91666666666667
24	3.04166666666667
3	1
15	2.73333333333333
9	1.44444444444444
11	1.54545454545455
6	1.5
9	2.11111111111111
21	2.85714285714286
6	1.16666666666667
10	2
23	2.8695652173913
26	3.69230769230769
13	2
30	2.9
4	1.25
17	2.70588235294118
9	2.11111111111111
9	2.11111111111111
7	1.42857142857143
6	1.83333333333333
6	1.33333333333333
8	2.125
15	2.4
5	1.4
7	1.85714285714286
21	2.19047619047619
9	1.55555555555556
7	2.71428571428571
5	1
5	1.2
17	2.23529411764706
7	1.85714285714286
7	1.85714285714286
4	1
8	2.875
9	2.33333333333333
9	1.55555555555556
7	2.14285714285714
5	1.4
12	2.08333333333333
5	1.4
20	2.9
7	1.71428571428571
4	1
5	1.4
5	1
7	1.28571428571429
10	2.3
8	1.5
10	3.3
7	2.14285714285714
7	1.71428571428571
9	2.11111111111111
13	2.38461538461538
12	1.91666666666667
15	2.06666666666667
4	1.25
10	2.3
6	1.33333333333333
7	1.42857142857143
4	0.75
6	1.33333333333333
4	0.75
6	2.16666666666667
16	2.0625
15	2.06666666666667
8	3.25
9	1.55555555555556
5	1.2
20	3.65
18	2.16666666666667
5	1.4
5	1.6
5	1
3	0.666666666666667
7	1.42857142857143
6	1.16666666666667
5	2
5	1.6
3	1
5	1
6	1.16666666666667
4	1.5
7	2.57142857142857
31	3.7741935483871
16	2.0625
10	1.9
11	2
8	1.875
17	1.88235294117647
17	2.41176470588235
7	1.42857142857143
8	2.375
10	2.4
5	1.8
7	2.28571428571429
18	3.88888888888889
9	2.11111111111111
8	1.5
9	2.55555555555556
7	2.14285714285714
7	2.14285714285714
3	1
3	1
6	1.5
13	2.84615384615385
7	1.85714285714286
7	1.71428571428571
9	2
5	1.4
9	1.55555555555556
5	1.2
4	1.5
9	2.11111111111111
8	1.875
13	2.15384615384615
9	2.33333333333333
14	3.14285714285714
25	3.6
3	1
14	2.14285714285714
7	1.28571428571429
7	1.57142857142857
5	1.4
8	1.75
5	1
5	1.4
8	1.5
4	1
5	1.2
17	2.23529411764706
5	1
10	2.2
12	2.66666666666667
6	1.16666666666667
12	1.91666666666667
8	2
23	4.69565217391304
3	1
8	2
3	0.666666666666667
4	1.25
11	1.81818181818182
5	1.6
11	1.72727272727273
16	2.625
6	1.83333333333333
3	0.666666666666667
7	1.85714285714286
3	1
3	1
8	1.5
8	1.5
6	1.16666666666667
6	1.5
4	1
5	1.6
5	1.6
10	1.8
6	1.83333333333333
11	2.09090909090909
7	1.57142857142857
6	1.33333333333333
5	1.6
16	2.9375
6	1.33333333333333
8	1.25
5	1.2
6	1.5
6	1.5
5	1.2
9	1.66666666666667
19	3.26315789473684
7	1.71428571428571
6	1.16666666666667
11	1.72727272727273
3	1
7	2.14285714285714
4	1
6	1.5
9	1.88888888888889
3	0.666666666666667
8	2
8	1.5
6	1.16666666666667
26	3.76923076923077
9	2.22222222222222
7	1.71428571428571
8	2.375
5	2
5	1.2
9	2.22222222222222
10	2.1
8	1.75
5	1.4
4	1
10	2.4
7	1.85714285714286
6	1.66666666666667
4	1.5
6	1.5
7	1.57142857142857
7	1.42857142857143
8	1.75
5	1
4	1.25
10	2.4
11	2.45454545454545
6	1.83333333333333
3	1
14	2.92857142857143
3	0.666666666666667
4	1
4	1
4	1.25
7	1.57142857142857
6	1.66666666666667
4	1
5	1.6
18	4.33333333333333
3	1
3	1
5	1.6
8	2
7	1.42857142857143
9	1.66666666666667
3	1
8	1.75
7	1.42857142857143
7	1.57142857142857
12	2.5
12	2
9	3.33333333333333
7	1.14285714285714
4	1.5
8	1.5
8	1.75
8	1.375
4	1.5
5	1.6
10	1.9
4	1
11	1.90909090909091
7	1.57142857142857
10	2.4
6	1.66666666666667
4	1
6	1.16666666666667
5	1.4
14	2.21428571428571
9	1.55555555555556
7	1.42857142857143
16	3.5
11	2.27272727272727
10	2.5
14	2.07142857142857
19	2.31578947368421
11	1.81818181818182
4	1
9	2.33333333333333
4	0.75
7	1.71428571428571
7	1.71428571428571
6	1.33333333333333
9	1.22222222222222
9	1.77777777777778
8	1.875
9	2.22222222222222
7	1.71428571428571
6	2
4	1
6	1.16666666666667
11	1.81818181818182
21	2.76190476190476
8	1.25
7	1.57142857142857
7	1.42857142857143
7	1.57142857142857
11	2
25	3.2
7	1.85714285714286
8	2.125
5	1.4
16	3.125
6	1.33333333333333
4	1
10	2.3
8	1.5
14	2.28571428571429
5	0.8
16	2
9	2.11111111111111
4	1.5
8	1.625
9	1.88888888888889
7	2.28571428571429
6	1.5
9	2.44444444444444
3	0.666666666666667
18	3.38888888888889
8	1.375
11	2.36363636363636
7	1.71428571428571
7	1.71428571428571
9	2.55555555555556
3	1
9	2.33333333333333
9	1.77777777777778
9	2.55555555555556
6	1.83333333333333
5	1.2
4	1.5
5	1.4
9	1.66666666666667
9	2.11111111111111
3	0.666666666666667
10	2.4
4	1.5
4	1.25
6	1.16666666666667
9	1.66666666666667
5	1.4
6	1.16666666666667
11	1.45454545454545
5	1.2
6	2
5	1
14	2.85714285714286
5	1.6
5	0.8
3	1
7	2.14285714285714
3	0.666666666666667
5	1.6
10	1.8
8	2.125
8	1.75
11	2.27272727272727
8	1.75
12	2.16666666666667
7	1.42857142857143
5	1.6
4	1
24	2.625
4	1.5
10	1.5
7	1.28571428571429
6	2.16666666666667
3	1
10	2.7
11	2.45454545454545
3	1
11	1.81818181818182
7	1.57142857142857
7	1.42857142857143
9	2.44444444444444
9	2.44444444444444
8	1.5
9	1.77777777777778
4	1.5
8	1.75
6	2
12	1.5
6	2.33333333333333
7	1.57142857142857
7	1.85714285714286
5	1.2
10	1.9
3	1
6	1.66666666666667
7	2.14285714285714
7	1.14285714285714
6	1
9	2.66666666666667
8	1.25
11	1.54545454545455
7	2.42857142857143
12	2
10	1.5
8	1.625
3	1
9	1.88888888888889
4	1
10	1.8
8	2.125
5	1.2
10	1.6
8	2.375
11	2.09090909090909
6	1.83333333333333
3	1
5	2
9	1.66666666666667
14	2.14285714285714
9	2.22222222222222
4	1
7	1.71428571428571
7	1.57142857142857
6	1.66666666666667
8	1.75
9	1.33333333333333
11	2.18181818181818
7	1.57142857142857
4	1.25
3	0.666666666666667
10	1.9
7	1.14285714285714
7	1.42857142857143
14	2.35714285714286
7	1.14285714285714
6	1.16666666666667
8	1.875
7	1.71428571428571
3	0.666666666666667
9	1.55555555555556
5	1.4
7	1.85714285714286
5	1.4
5	1
4	1
9	2.88888888888889
3	1
11	2.81818181818182
13	2.23076923076923
10	1.7
7	2
9	2
9	2.33333333333333
5	1.4
6	1
4	1.5
4	1
6	1.33333333333333
6	1.33333333333333
7	1.42857142857143
3	1
4	1
7	1
7	1.28571428571429
3	0.666666666666667
7	1.14285714285714
5	1.2
8	1.25
9	1.33333333333333
12	2
13	2.15384615384615
10	1.6
5	1.2
11	1.81818181818182
4	1
10	1.7
3	1
3	0.666666666666667
5	2
9	2.11111111111111
9	2
7	1.42857142857143
5	1.2
5	1
18	2.16666666666667
4	1
5	1
4	1
4	1.5
6	1.33333333333333
5	1.2
4	1
3	1
12	2.25
3	1
3	0.666666666666667
3	0.666666666666667
3	1
4	1.5
6	1.5
25	2.4
6	1.33333333333333
3	1
3	1
10	1.8
24	2.70833333333333
3	1
11	1.45454545454545
7	1.14285714285714
7	1.42857142857143
5	1
6	1
4	1
8	1.375
6	1
3	0.666666666666667
7	1.71428571428571
3	0.666666666666667
6	1.83333333333333
6	1
6	1.16666666666667
3	0.666666666666667
10	1.8
3	0.666666666666667
5	1.2
3	0.666666666666667
4	0.75
3	1
4	0.75
3	1
3	0.666666666666667
6	1.33333333333333
10	2
5	1.2
6	1.5
3	1
3	0.666666666666667
6	1.33333333333333
4	0.75
10	1.6
3	1
3	0.666666666666667
4	1
5	1
4	1.25
16	2.25
4	1
3	0.666666666666667
4	1
4	1.25
4	1
6	1.66666666666667
10	2.3
6	1.5
3	1
10	2.1
4	1
3	0.666666666666667
3	1
3	1
5	1
3	0.666666666666667
4	1.25
4	1
3	1
14	1.78571428571429
3	1
4	1
5	1.6
11	1.72727272727273
4	1
6	1.33333333333333
6	2.5
7	1.71428571428571
3	1
7	1.71428571428571
6	1.33333333333333
3	1
3	1
5	1.2
6	1.83333333333333
4	1
10	2.1
4	1.5
5	1.4
11	2.18181818181818
4	1.25
5	1.6
5	1.2
5	1
3	1
6	1.33333333333333
3	1
3	1
4	0.75
7	1.28571428571429
4	1
5	1.4
3	1
3	1
6	1.83333333333333
4	1
7	1.71428571428571
6	1.16666666666667
9	1.44444444444444
4	1
7	1.42857142857143
3	0.666666666666667
5	1
3	1
5	1.6
8	2.25
5	1.6
6	1.16666666666667
6	1.16666666666667
3	0.666666666666667
3	1
11	1.63636363636364
5	1
18	2.05555555555556
6	1.5
3	0.666666666666667
9	1.66666666666667
3	1
7	1.57142857142857
16	2.25
3	1
5	1.4
21	2.52380952380952
4	1.5
6	1.66666666666667
8	1.5
5	1.2
3	1
5	1
4	1
6	1.33333333333333
8	1.875
9	1.44444444444444
4	0.75
12	1.66666666666667
3	0.666666666666667
5	1.2
4	1
5	1
5	1.4
4	1.25
4	1
9	1.66666666666667
7	1
3	0.666666666666667
5	1
3	1
4	1
3	0.666666666666667
6	1.16666666666667
5	1
7	1.71428571428571
3	1
4	0.75
8	1.625
4	0.75
3	1
3	0.666666666666667
5	1.2
8	1.5
3	1
4	1
3	1
7	1.42857142857143
3	1
6	1.33333333333333
7	1.14285714285714
3	1
3	0.666666666666667
3	0.666666666666667
5	1.6
7	1.57142857142857
5	1.2
7	1.14285714285714
9	1.22222222222222
4	0.75
3	0.666666666666667
5	1.2
3	0.666666666666667
9	2.11111111111111
3	0.666666666666667
8	1.25
13	1.92307692307692
6	1.16666666666667
10	2.8
6	1.16666666666667
14	2.07142857142857
29	3.82758620689655
23	2.91304347826087
21	2.71428571428571
11	2.27272727272727
26	2.53846153846154
17	2.11764705882353
11	2.36363636363636
16	2
22	3.59090909090909
15	1.8
9	1.66666666666667
14	2.21428571428571
27	2.44444444444444
19	2.10526315789474
9	1.77777777777778
8	1.25
23	1.95652173913043
13	2
20	2.65
20	2.15
16	2.1875
7	1.57142857142857
4	1.25
11	2.09090909090909
12	1.58333333333333
15	1.8
18	2.44444444444444
6	1.16666666666667
10	1.8
8	1.25
12	1.83333333333333
18	2.38888888888889
21	2.33333333333333
13	2.53846153846154
23	1.91304347826087
21	2.23809523809524
8	1.875
8	1.875
10	2.2
30	4.2
10	1.7
10	1.9
3	0.666666666666667
29	2.27586206896552
21	3.33333333333333
17	2.70588235294118
7	1.42857142857143
8	2.5
13	2
22	3.09090909090909
15	2.06666666666667
20	3.6
13	2.38461538461538
6	2
5	1.6
8	1.75
19	2.15789473684211
7	1.42857142857143
16	1.75
41	4.63414634146341
19	1.94736842105263
9	1.44444444444444
23	3
25	2.76
15	2.53333333333333
9	1.88888888888889
18	2.05555555555556
18	2.5
11	1.54545454545455
20	2.1
23	3.08695652173913
4	1
6	1.16666666666667
23	3.39130434782609
9	2.33333333333333
12	2.91666666666667
13	2
6	1.33333333333333
25	3
13	1.92307692307692
13	1.53846153846154
11	1.45454545454545
4	1
3	1
13	1.61538461538462
8	1.375
17	1.82352941176471
4	1.25
14	1.85714285714286
10	2
15	2.46666666666667
12	1.66666666666667
15	1.8
19	1.94736842105263
9	1.77777777777778
8	1.625
11	1.81818181818182
19	3.05263157894737
3	0.666666666666667
13	1.76923076923077
16	1.5
19	3.10526315789474
25	2.32
15	1.66666666666667
6	1
11	2.90909090909091
18	2
34	3.05882352941176
18	1.77777777777778
15	2.66666666666667
7	1.57142857142857
7	1.57142857142857
11	1.81818181818182
55	4.07272727272727
6	1.33333333333333
11	1.36363636363636
34	3.05882352941176
22	2.40909090909091
29	2.58620689655172
19	2.36842105263158
11	2
5	1.2
4	1
9	1.44444444444444
4	1.5
23	3.47826086956522
5	1
11	1.90909090909091
3	0.666666666666667
7	1.28571428571429
9	1.33333333333333
25	2.4
14	1.57142857142857
16	1.9375
10	1.8
34	3.14705882352941
17	1.70588235294118
19	2
18	2.27777777777778
7	1.42857142857143
18	2.72222222222222
27	2.33333333333333
24	1.5
22	3
16	3.875
22	3.45454545454545
30	2.46666666666667
3	1
17	2.23529411764706
6	1.33333333333333
12	1.83333333333333
6	2.16666666666667
4	1
36	2.97222222222222
28	3.67857142857143
14	2.14285714285714
7	1.57142857142857
14	2.42857142857143
7	1.71428571428571
16	2.375
15	2.13333333333333
20	3.15
16	3.125
17	3
4	1
31	2.87096774193548
9	2.33333333333333
6	1.33333333333333
13	2.23076923076923
7	1.42857142857143
16	3.125
10	2.8
21	2.80952380952381
6	1.83333333333333
10	1.5
13	2.61538461538462
7	1.57142857142857
8	1.25
23	3.52173913043478
7	1.71428571428571
16	2.25
17	2.29411764705882
6	1.5
4	1
10	2.5
3	1
29	2.10344827586207
6	1.66666666666667
35	2.22857142857143
9	1.66666666666667
20	1.85
14	1.92857142857143
17	2.47058823529412
3	0.666666666666667
11	2.18181818181818
23	2.39130434782609
10	1.7
7	2.42857142857143
24	3.33333333333333
9	2.44444444444444
19	2.42105263157895
10	3
5	1.8
5	1.2
5	1.6
5	1
10	2.1
5	1.4
9	2.55555555555556
9	1.88888888888889
9	2.88888888888889
20	3.55
11	2.09090909090909
23	2.08695652173913
3	1
3	1
22	3
27	3.25925925925926
14	2.07142857142857
15	1.86666666666667
11	2.36363636363636
14	2.42857142857143
18	2.44444444444444
21	2.95238095238095
5	1.6
16	2.5
27	2.66666666666667
14	2.78571428571429
6	1.5
20	4.3
4	1.25
17	2.47058823529412
3	0.666666666666667
15	3.2
11	1.63636363636364
5	1.6
8	1.5
4	1.5
4	1.25
8	1.625
20	2.6
19	2.26315789473684
14	2.14285714285714
8	1.625
9	2.77777777777778
13	2.15384615384615
15	2.6
17	4.11764705882353
15	2.86666666666667
9	2.22222222222222
11	2.45454545454545
35	3.05714285714286
32	4.75
16	2
26	2.96153846153846
9	2.22222222222222
5	1.2
19	3.84210526315789
9	1.66666666666667
9	2.33333333333333
10	1.5
5	1.6
13	2.46153846153846
19	3.21052631578947
22	2.18181818181818
3	0.666666666666667
24	3.45833333333333
35	2.82857142857143
7	2
16	1.5
5	1.2
10	1.6
6	1.16666666666667
8	2.125
22	2.95454545454545
15	1.73333333333333
26	3.15384615384615
13	3
14	3.78571428571429
11	2.18181818181818
4	1.25
11	2.27272727272727
7	1.28571428571429
23	2.30434782608696
11	2.81818181818182
28	2.28571428571429
17	3.05882352941176
8	1.875
17	3.23529411764706
13	2.61538461538462
12	1.91666666666667
6	2
3	1
9	2
6	1.16666666666667
14	1.71428571428571
7	1.42857142857143
18	2.11111111111111
6	1.66666666666667
3	1
23	3.47826086956522
12	2.16666666666667
26	4.5
14	3.35714285714286
8	2.125
13	2.38461538461538
3	1
14	3.5
10	2.6
6	1.83333333333333
18	3
3	1
20	2.05
25	3.64
9	1.44444444444444
5	1
4	1
3	1
10	2
4	1
27	2.92592592592593
22	2.54545454545455
7	1.28571428571429
20	2.1
8	1.875
18	1.77777777777778
35	2.74285714285714
4	1.25
5	1.2
6	1.5
11	3.72727272727273
15	2.06666666666667
3	1
22	2.27272727272727
5	1.2
19	2.21052631578947
11	3.27272727272727
22	3.09090909090909
25	2.12
8	1.375
12	2.58333333333333
22	2.45454545454545
18	1.88888888888889
6	1.16666666666667
27	4.55555555555556
16	2.875
22	2.45454545454545
15	3.06666666666667
25	3.28
10	2.1
25	2.6
3	1
24	2.75
7	2.28571428571429
9	1.55555555555556
21	2.04761904761905
17	2.41176470588235
6	2
10	2.6
5	1.2
6	1
3	1
12	2.5
14	2.07142857142857
18	2.72222222222222
11	2.45454545454545
4	1
26	3.26923076923077
13	3.15384615384615
20	2.7
21	2.52380952380952
29	3.10344827586207
16	2.3125
18	2.38888888888889
3	1
9	2.88888888888889
40	2.2
3	1
12	2
5	1.2
7	1.71428571428571
9	1.22222222222222
10	2.6
7	1.85714285714286
4	1.25
3	0.666666666666667
5	1.4
31	3.74193548387097
23	3
15	1.8
11	1.90909090909091
11	1.72727272727273
11	2.18181818181818
6	1.5
5	2
14	2.14285714285714
17	2.88235294117647
13	1.76923076923077
10	1.8
3	0.666666666666667
20	2.5
5	1
9	2.11111111111111
10	1.3
23	2.82608695652174
17	3.35294117647059
13	1.92307692307692
7	2.14285714285714
23	3.26086956521739
16	2.9375
27	2.25925925925926
15	1.73333333333333
6	1.66666666666667
10	1.7
16	2.25
3	1
5	1.2
4	1
32	2.71875
5	1.2
7	1.71428571428571
11	2.18181818181818
28	2.42857142857143
20	2.35
3	1
4	1
24	2.41666666666667
10	1.8
6	1.5
6	1.33333333333333
9	1.77777777777778
9	2.44444444444444
7	2.42857142857143
9	1.66666666666667
6	2.16666666666667
14	2.57142857142857
22	3.31818181818182
18	2.16666666666667
21	1.80952380952381
30	2.63333333333333
18	2
6	1.5
5	1.4
8	1.875
10	2.5
3	0.666666666666667
9	1.66666666666667
10	2.1
25	3.4
6	1.16666666666667
17	2.17647058823529
29	2
19	4.47368421052632
14	3.5
20	3.7
35	3.25714285714286
4	1.5
12	2.16666666666667
34	2.38235294117647
7	1.42857142857143
35	4.8
17	3.29411764705882
5	1.6
12	2.25
7	1.42857142857143
7	1.57142857142857
20	2.35
25	3.08
16	2.25
6	1.5
10	1.6
10	1.8
5	1
6	1.83333333333333
6	2.16666666666667
3	0.666666666666667
9	2.55555555555556
14	2.78571428571429
23	2.26086956521739
13	2.07692307692308
17	2
6	1.5
14	3.14285714285714
26	3.19230769230769
11	2.54545454545455
6	1.16666666666667
17	2.35294117647059
4	1.5
5	1.6
5	1.6
11	2
8	1.875
4	1.25
7	1.57142857142857
8	1.875
4	1
7	1.42857142857143
15	3.4
5	1.2
10	1.8
22	2.59090909090909
26	2.57692307692308
9	1.77777777777778
16	2
7	1.57142857142857
7	1.85714285714286
12	1.91666666666667
5	1.2
14	3.21428571428571
11	1.45454545454545
22	2.59090909090909
16	2.1875
19	2.63157894736842
20	3.75
3	0.666666666666667
15	2.46666666666667
22	2.36363636363636
6	1.5
19	1.73684210526316
11	2.36363636363636
14	1.64285714285714
8	1.25
11	2.81818181818182
5	1.4
8	1.125
26	3
4	1
29	3.68965517241379
13	1.61538461538462
14	1.92857142857143
28	4.53571428571429
4	1
22	3
14	2.85714285714286
9	2.33333333333333
33	2.57575757575758
11	1.81818181818182
24	2.70833333333333
27	2.51851851851852
4	1
27	2.25925925925926
10	4.5
10	1.6
11	1.72727272727273
7	2.28571428571429
3	1
12	3.08333333333333
14	1.85714285714286
20	2.85
18	2.38888888888889
19	2.84210526315789
5	1.4
20	2.65
25	3.04
4	1.25
9	2.11111111111111
18	2.05555555555556
22	3.45454545454545
4	1
17	3.05882352941176
16	2.5625
10	2.1
29	3.10344827586207
21	2.23809523809524
44	3
17	3.05882352941176
20	2.05
29	3.10344827586207
29	2.75862068965517
19	2.78947368421053
4	1.5
23	2.30434782608696
11	3.45454545454545
13	2.23076923076923
8	2.5
20	2.45
20	3.05
17	1.58823529411765
13	2.61538461538462
7	2
28	3.35714285714286
19	3.31578947368421
26	3.42307692307692
19	2.42105263157895
15	2.66666666666667
20	3.25
9	2.55555555555556
3	1
7	1.71428571428571
9	1.22222222222222
31	2.54838709677419
12	2.66666666666667
14	2.35714285714286
12	4.33333333333333
7	2.28571428571429
5	2
6	1.33333333333333
8	2.125
19	2.31578947368421
6	1.33333333333333
5	1.2
10	1.5
13	2.61538461538462
20	3.7
13	2.69230769230769
28	3.60714285714286
23	3.43478260869565
25	3.16
25	2.32
3	0.666666666666667
20	2.15
5	1.6
5	1.4
8	1.875
28	3.39285714285714
15	2.4
18	1.83333333333333
12	2.16666666666667
19	2.10526315789474
21	3
13	1.38461538461538
6	1
4	1
5	1
5	0.8
5	1.8
21	1.95238095238095
4	1.5
5	1.4
22	2.63636363636364
4	1
10	2
5	1.2
5	1
35	3.37142857142857
20	2.75
19	2.47368421052632
9	2.22222222222222
13	1.92307692307692
39	4.05128205128205
17	2.35294117647059
19	2.52631578947368
23	2.78260869565217
7	1.42857142857143
10	2.7
31	2.51612903225806
3	1
21	2.42857142857143
11	2.90909090909091
30	3.56666666666667
3	1
21	2.52380952380952
17	2.35294117647059
6	1.66666666666667
19	3.63157894736842
13	2.61538461538462
12	2.16666666666667
33	3.42424242424242
24	4.375
10	2.3
6	2
24	3.79166666666667
3	1
15	1.86666666666667
11	1.90909090909091
4	1
26	3.23076923076923
24	2.29166666666667
28	2.32142857142857
11	2.09090909090909
16	2.4375
22	3.22727272727273
14	2.14285714285714
10	2.7
21	2.42857142857143
25	2.52
24	3.20833333333333
33	2.87878787878788
11	1.72727272727273
16	2.375
11	2.54545454545455
10	1.9
18	3.33333333333333
3	0.666666666666667
28	3.35714285714286
13	2.76923076923077
29	3.48275862068966
5	1.4
4	1
3	0.666666666666667
4	1.25
13	2.30769230769231
27	2.7037037037037
10	1.6
20	3.05
6	1.83333333333333
25	2.2
16	2.125
14	2.28571428571429
9	1.66666666666667
5	1.4
9	1.55555555555556
3	1
4	1.5
9	1.44444444444444
5	1.4
5	2
4	1
25	3.72
4	1.25
19	3.05263157894737
34	2.58823529411765
32	2.53125
19	2.31578947368421
48	3.77083333333333
51	4.03921568627451
3	0.666666666666667
17	2.47058823529412
43	4.30232558139535
7	1.57142857142857
9	1.22222222222222
9	2.22222222222222
19	2.15789473684211
25	2.92
7	1.14285714285714
11	2
4	1
12	2.08333333333333
6	1.16666666666667
9	1.33333333333333
13	2
7	1.42857142857143
8	1.625
9	1.66666666666667
6	1.5
14	2.64285714285714
11	1.81818181818182
5	2
7	1.71428571428571
7	1.14285714285714
20	2.8
14	1.78571428571429
4	1.25
4	1.5
25	2.44
24	2.70833333333333
6	1.5
16	2.6875
6	1.33333333333333
31	2.03225806451613
16	2.125
32	4.09375
14	2
15	2.06666666666667
7	1.71428571428571
22	3.31818181818182
20	3.1
16	1.8125
14	1.78571428571429
30	2
4	0.75
25	2.28
22	3.18181818181818
14	3
8	1.625
23	2.08695652173913
20	2.4
26	2.34615384615385
29	2.86206896551724
4	1
30	3.53333333333333
10	1.5
9	2.44444444444444
7	1.57142857142857
18	3.22222222222222
21	3.95238095238095
43	4.11627906976744
25	2.92
26	3.34615384615385
31	3.74193548387097
24	3.29166666666667
11	2.54545454545455
32	3
29	3.24137931034483
23	2.78260869565217
26	3.03846153846154
24	2.58333333333333
4	1.5
20	2.6
22	2.22727272727273
24	2.5
27	2.03703703703704
4	1.25
15	2.26666666666667
5	1.2
6	1.66666666666667
15	3
6	2.33333333333333
19	3.57894736842105
47	3.48936170212766
23	3.08695652173913
13	1.92307692307692
28	2.78571428571429
16	2.3125
32	2.4375
24	3.33333333333333
21	3.95238095238095
14	3.42857142857143
34	3.11764705882353
17	3.11764705882353
34	3.11764705882353
12	2
19	2.84210526315789
16	2.375
16	2.8125
20	2.5
9	1.88888888888889
6	2
17	3.11764705882353
18	2.72222222222222
13	1.92307692307692
23	2.82608695652174
21	2.76190476190476
14	2.92857142857143
8	1.75
30	3.46666666666667
7	1.85714285714286
9	2.88888888888889
7	2.28571428571429
25	2.48
10	2
27	2.96296296296296
35	2.8
9	1.88888888888889
30	3.4
22	3.90909090909091
8	2
27	2.18518518518519
7	1.85714285714286
12	1.91666666666667
19	2.31578947368421
17	2.82352941176471
15	2.66666666666667
21	2.28571428571429
7	2
14	2.42857142857143
8	2.125
26	3.03846153846154
18	2.88888888888889
29	3
11	1.72727272727273
10	2.4
9	2.44444444444444
5	1
21	2.19047619047619
16	2.0625
6	1
26	2.30769230769231
17	1.76470588235294
19	2.63157894736842
32	4.21875
25	2.76
13	3.15384615384615
24	2.375
12	2.66666666666667
11	2.63636363636364
10	1.8
22	3.40909090909091
12	2.5
45	2.88888888888889
17	2.17647058823529
15	3
30	2.83333333333333
26	2.34615384615385
20	2.1
9	1.22222222222222
18	2.72222222222222
8	2.125
15	2.66666666666667
33	3.03030303030303
37	2.24324324324324
32	3.125
13	2.76923076923077
5	1.2
34	2.70588235294118
12	2.25
24	3.08333333333333
21	1.9047619047619
15	1.53333333333333
13	2.46153846153846
5	1.2
25	2.88
16	1.5625
3	0.666666666666667
